0.582000
0.424000
0.030000
0.174000
0.096667
0.002000
0.018000
0.266000
0.016000
0.589000
0.082000
0.105333
0.142600
0.294167
0.166000
0.050000
0.308667
0.410000
0.514000
0.315000
0.008000
0.006000
0.272000
0.304500
0.061000
0.567500
0.664667
0.678500
0.055333
0.082000
0.192000
0.005000
0.036667
0.646000
0.290667
0.276333
0.230667
0.119000
0.783000
0.000000
0.018000
0.057000
0.052000
0.296000
0.091000
0.000000
0.122000
0.158000
0.110000
0.395000
0.068000
0.026000
0.340000
0.056000
0.042000
0.022333
0.214000
0.460000
0.154667
0.056000
0.692000
0.082000
0.476000
0.765000
0.724000
0.002000
0.165000
0.376333
0.088000
0.650000
0.014000
0.110000
0.000000
0.060000
0.040000
0.368667
0.071000
0.714000
0.106000
0.120667
0.283000
0.072000
0.214000
0.121000
0.013000
0.647667
0.579000
0.502000
0.394333
0.026000
0.137000
0.503000
0.041000
0.064000
0.142000
0.623667
0.058000
0.330000
0.068000
0.028800
0.410000
0.028000
0.282333
0.170667
0.032000
0.408000
0.139333
0.580000
0.418000
0.718667
0.729000
0.303000
0.115000
0.340333
0.607000
0.195667
0.310833
0.246000
0.065000
0.048000
0.720500
0.027000
0.028000
0.150500
0.180000
0.043333
0.410000
0.256000
0.659000
0.022000
0.252500
0.318000
0.120000
0.002000
0.224200
0.020000
0.372000
0.085000
0.578667
0.002000
0.610000
0.463000
0.055000
0.102000
0.324000
0.320000
0.660000
0.186667
0.255000
0.052000
0.173000
0.352000
0.366667
0.043500
0.055000
0.062000
0.023000
0.238000
0.107000
0.086000
0.024000
0.217000
0.326000
0.010000
0.037167
0.268000
0.000000
0.060000
0.104000
0.203000
0.108000
0.082000
0.698000
0.012000
0.311000
0.000000
0.004000
0.148000
0.756000
0.041333
0.288000
0.046000
0.103000
0.782000
0.078000
0.263000
0.212000
0.443000
0.522000
0.163000
0.156200
0.351000
0.183667
0.142333
0.156000
0.246000
0.012000
0.082400
0.616000
0.287222
0.503000
0.159000
0.656667
0.024000
0.224000
0.103000
0.836000
0.061667
0.838000
0.268500
0.142000
0.598667
0.000000
0.152000
0.035000
0.168667
0.138000
0.544000
0.034000
0.247000
0.220000
0.028000
0.580000
0.631000
0.251333
0.004667
0.192000
0.074000
0.086000
0.236000
0.112000
0.759333
0.184000
0.257000
0.155000
0.063333
0.160000
0.080000
0.022000
0.036000
0.164667
0.223000
0.280000
0.198000
0.086000
0.081000
0.572000
0.212667
0.143000
0.352000
0.161889
0.778000
0.216000
0.259000
0.089500
0.388000
0.024000
0.046000
0.634000
0.084000
0.250000
0.008000
0.008000
0.084000
0.127000
0.010000
0.074000
0.046000
0.811000
0.029000
0.287000
0.016000
0.577000
0.043333
0.000000
0.140000
0.740000
0.044000
0.002000
0.512000
0.094000
0.026000
0.497000
0.664000
0.006000
0.473000
0.325000
0.060000
0.697000
0.040000
0.156000
0.194000
0.436000
0.104000
0.290000
0.279000
0.028000
0.215000
0.114000
0.038400
0.182000
0.088000
0.096000
0.116000
0.176000
0.008000
0.092000
0.140000
0.557000
0.445000
0.514000
0.055000
0.714000
0.447000
0.226000
0.004000
0.209933
0.476000
0.258000
0.043000
0.014000
0.122000
0.026000
0.838000
0.298000
0.168667
0.143000
0.270000
0.111667
0.292000
0.000000
0.018000
0.000000
0.162000
0.490000
0.390000
0.646000
0.104000
0.176667
0.078000
0.054000
0.344000
0.300000
0.857000
0.596000
0.036000
0.225000
0.010000
0.077000
0.014000
0.188000
0.100000
0.524000
0.375000
0.740000
0.020000
0.337333
0.740000
0.178000
0.074000
0.063000
0.733000
0.038000
0.787000
0.315000
0.021000
0.158000
0.049000
0.088000
0.403000
0.134000
0.294000
0.686000
0.387000
0.153333
0.079167
0.388000
0.346000
0.154000
0.142000
0.149500
0.031000
0.546000
0.710500
0.072000
0.236000
0.000000
0.000000
0.004000
0.020000
0.774000
0.060000
0.350000
0.223200
0.305200
0.039000
0.398000
0.248000
0.084000
0.073333
0.496000
0.174000
0.020000
0.452000
0.024000
0.374000
0.154667
0.000000
0.030000
0.320000
0.150500
0.436000
0.074000
0.177000
0.148000
0.067667
0.538000
0.421000
0.062000
0.446000
0.240000
0.150000
0.366667
0.068333
0.012000
0.040000
0.065000
0.032000
0.116000
0.034000
0.057000
0.042000
0.014000
0.272000
0.538000
0.428000
0.291000
0.004000
0.002000
0.016000
0.082000
0.046667
0.312333
0.044000
0.088000
0.364000
0.532000
0.391000
0.014667
0.700000
0.014667
0.010000
0.019200
0.046000
0.814000
0.292000
0.172000
0.211000
0.235000
0.256333
0.078000
0.096000
0.282000
0.130000
0.138000
0.572000
0.394000
0.184000
0.076000
0.100000
0.299333
0.770000
0.144000
0.076000
0.345667
0.160333
0.534000
0.443000
0.000000
0.684667
0.058000
0.032000
0.765000
0.152000
0.354000
0.341000
0.724000
0.010000
0.710000
0.069000
0.734000
0.054500
0.140000
0.506000
0.290000
0.032000
0.026000
0.437333
0.089000
0.096667
0.235000
0.343000
0.160000
0.004000
0.284400
0.064000
0.372667
0.058000
0.659000
0.100000
0.068000
0.508000
0.200000
0.082000
0.201600
0.035000
0.135000
0.314000
0.404000
0.072000
0.842000
0.044000
0.244000
0.060000
0.621000
0.224000
0.048500
0.224000
0.356000
0.062667
0.166000
0.216000
0.296333
0.000000
0.660000
0.340000
0.538400
0.799000
0.615667
0.004000
0.012000
0.074000
0.080333
0.267000
0.564000
0.064000
0.341000
0.095667
0.693000
0.692000
0.230200
0.194000
0.800000
0.040667
0.289000
0.506000
0.024500
0.036000
0.779000
0.072000
0.038000
0.248000
0.002000
0.473000
0.148000
0.028000
0.402000
0.062000
0.301000
0.165000
0.060000
0.026000
0.094000
0.239667
0.065000
0.328000
0.074000
0.000000
0.554000
0.096000
0.705000
0.152000
0.025000
0.620000
0.110000
0.190000
0.069200
0.812667
0.520000
0.154000
0.004500
0.008000
0.192933
0.734333
0.321667
0.323000
0.174000
0.525333
0.008000
0.142000
0.020000
0.108000
0.124000
0.155000
0.051667
0.040000
0.024000
0.144000
0.576000
0.056000
0.440000
0.074000
0.063000
0.008000
0.427600
0.026000
0.206000
0.068000
0.481000
0.122333
0.056000
0.018000
0.698000
0.562000
0.347500
0.230667
0.417833
0.696000
0.104000
0.115000
0.094000
0.022000
0.196000
0.154000
0.529000
0.177000
0.623000
0.712667
0.039000
0.144000
0.045000
0.458000
0.021333
0.645000
0.417500
0.344000
0.351667
0.727000
0.110000
0.086800
0.401000
0.110000
0.373500
0.000000
0.004000
0.130000
0.000000
0.068000
0.158000
0.786000
0.446000
0.124000
0.125667
0.221667
0.391000
0.500000
0.008667
0.307000
0.734000
0.054000
0.631333
0.614667
0.000000
0.198333
0.130000
0.867500
0.298000
0.044667
0.006000
0.357200
0.393000
0.032000
0.125000
0.021000
0.024000
0.002000
0.263000
0.722000
0.130000
0.066000
0.004000
0.074000
0.565333
0.410000
0.008000
0.605000
0.613000
0.020000
0.402000
0.148000
0.038000
0.742000
0.073000
0.026667
0.136000
0.071167
0.098000
0.094000
0.152000
0.714000
0.093000
0.092000
0.752000
0.004000
0.000000
0.761000
0.342000
0.111000
0.445000
0.060333
0.036500
0.082000
0.204000
0.374667
0.166000
0.045000
0.460667
0.036000
0.438000
0.202000
0.042000
0.029000
0.324333
0.484000
0.058000
0.026000
0.325000
0.154667
0.249000
0.020000
0.018000
0.283000
0.040000
0.008000
0.236500
0.002000
0.008667
0.550000
0.006000
0.696000
0.632000
0.194000
0.485667
0.412000
0.034000
0.004000
0.040000
0.096333
0.263000
0.308000
0.548667
0.709000
0.004000
0.552000
0.702500
0.074000
0.002000
0.016000
0.172333
0.659000
0.068000
0.443000
0.162000
0.310333
0.106000
0.126000
0.058000
0.494667
0.034667
0.008000
0.588000
0.140000
0.603600
0.461667
0.033000
0.018000
0.046000
0.000000
0.404500
0.072500
0.020000
0.146000
0.150000
0.526667
0.794667
0.120000
0.582000
0.014000
0.014000
0.080000
0.152667
0.452000
0.172667
0.216000
0.645667
0.414000
0.008000
0.748000
0.002000
0.112000
0.022000
0.238000
0.036000
0.000000
0.498000
0.155000
0.432000
0.006000
0.112000
0.058000
0.771000
0.042000
0.204000
0.122500
0.347000
0.135367
0.263000
0.022000
0.156000
0.145000
0.173500
0.252000
0.014000
0.236400
0.110500
0.152333
0.689000
0.321333
0.116000
0.401500
0.006000
0.019000
0.062000
0.194667
0.159000
0.364000
0.277000
0.072000
0.325000
0.518000
0.054667
0.002000
0.152000
0.142333
0.232000
0.099000
0.705000
0.346667
0.453000
0.022667
0.266200
0.363000
0.139000
0.018000
0.136000
0.118000
0.180000
0.032000
0.040000
0.133000
0.084000
0.164000
0.002000
0.000000
0.044667
0.642000
0.158000
0.652000
0.014000
0.594667
0.002000
0.594000
0.354000
0.274000
0.055333
0.406333
0.128000
0.038000
0.244000
0.224000
0.221000
0.086000
0.016000
0.142667
0.308000
0.293000
0.594000
0.018000
0.000000
0.167000
0.730667
0.012000
0.176000
0.016000
0.052000
0.028000
0.000000
0.726000
0.415333
0.022000
0.241000
0.203000
0.030000
0.121333
0.147000
0.311000
0.559000
0.087000
0.490000
0.134667
0.070000
0.035333
0.649333
0.028000
0.812000
0.488000
0.199000
0.018000
0.287333
0.010000
0.242000
0.054000
0.480000
0.076000
0.103000
0.016000
0.112000
0.714000
0.080000
0.186000
0.412000
0.036000
0.135000
0.624000
0.069000
0.012000
0.269000
0.080000
0.474000
0.016000
0.675667
0.226000
0.182000
0.293000
0.016000
0.040000
0.046000
0.024000
0.170000
0.754000
0.308000
0.738000
0.213000
0.100000
0.034000
0.708000
0.144000
0.086667
0.102000
0.026000
0.310000
0.580000
0.589000
0.110000
0.062000
0.404333
0.368000
0.140000
0.672000
0.135000
0.042667
0.125000
0.306000
0.081167
0.123000
0.459333
0.360000
0.266000
0.214000
0.026000
0.138000
0.046000
0.468500
0.008000
0.048000
0.547000
0.014000
0.000000
0.548000
0.068000
0.620000
0.044000
0.014000
0.012667
0.260000
0.069333
0.003000
0.380000
0.649000
0.084667
0.729000
0.842000
0.208667
0.238000
0.048400
0.381333
0.020000
0.062000
0.078000
0.422000
0.326000
0.033000
0.164000
0.104000
0.673000
0.041333
0.175833
0.022000
0.092000
0.202000
0.051000
0.740000
0.297000
0.071500
0.014000
0.794000
0.049000
0.172000
0.324000
0.142000
0.127000
0.092000
0.708667
0.016000
0.138000
0.241667
0.743667
0.002000
0.295300
0.039000
0.012000
0.032000
0.143000
0.121000
0.048000
0.022000
0.772000
0.097000
0.247000
0.103000
0.114000
0.038000
0.685000
0.369867
0.126000
0.016000
0.060000
0.575000
0.114000
0.310000
0.535000
0.108000
0.000000
0.026000
0.102667
0.029000
0.651000
0.306000
0.560000
0.032667
0.100000
0.059000
0.570000
0.767333
0.565000
0.162667
0.064000
0.497800
0.803333
0.080000
0.246667
0.000000
0.116000
0.128000
0.058000
0.356000
0.310333
0.671000
0.279000
0.240000
0.036000
0.677000
0.221333
0.164000
0.684000
0.216000
0.540000
0.826000
0.061000
0.020000
0.038000
0.684000
0.122667
0.291600
0.740000
0.026000
0.039000
0.117500
0.202000
0.788667
0.639333
0.106000
0.694000
0.145222
0.111333
0.072000
0.159667
0.118000
0.716000
0.118000
0.546000
0.040667
0.414000
0.324000
0.669000
0.436000
0.008000
0.044000
0.840000
0.294000
0.131000
0.087000
0.708000
0.050000
0.185667
0.332000
0.231000
0.235000
0.052000
0.332000
0.071000
0.008000
0.196000
0.207500
0.802000
0.048000
0.498000
0.388000
0.111167
0.604000
0.092667
0.886000
0.582000
0.114000
0.151000
0.735500
0.239667
0.036667
0.376000
0.645000
0.012000
0.158500
0.324500
0.071500
0.020000
0.834667
0.116000
0.060400
0.252000
0.056000
0.250000
0.014000
0.206000
0.090000
0.083000
0.724000
0.150000
0.172000
0.141000
0.744000
0.191667
0.100000
0.228000
0.002000
0.229000
0.449000
0.004000
0.666000
0.024000
0.151667
0.396667
0.002000
0.256333
0.265000
0.325333
0.192333
0.010000
0.336000
0.127000
0.100000
0.082000
0.732000
0.070000
0.343000
0.005000
0.210000
0.047000
0.091000
0.213000
0.176667
0.020000
0.160000
0.076000
0.035000
0.149667
0.015333
0.208000
0.588000
0.042000
0.782000
0.128667
0.192000
0.124000
0.070000
0.134000
0.357333
0.105000
0.000000
0.026000
0.016000
0.026000
0.106000
0.314000
0.078000
0.016000
0.755000
0.453500
0.286000
0.678000
0.115000
0.030000
0.564000
0.050000
0.038000
0.000000
0.026000
0.650000
0.318000
0.032000
0.032667
0.531000
0.166000
0.010000
0.124000
0.034667
0.004000
0.028000
0.089333
0.075000
0.038000
0.208000
0.403000
0.341000
0.656333
0.771000
0.098000
0.032000
0.014000
0.603000
0.032000
0.084000
0.185000
0.210333
0.125000
0.070000
0.033000
0.251667
0.200000
0.070000
0.000000
0.266000
0.228000
0.713500
0.026000
0.334000
0.096000
0.020000
0.132000
0.062000
0.186600
0.108000
0.082000
0.134000
0.066000
0.175000
0.114000
0.171000
0.000000
0.291667
0.036000
0.632000
0.620000
0.706000
0.298000
0.099000
0.076000
0.167000
0.426000
0.004000
0.417400
0.392000
0.026000
0.398000
0.766000
0.134667
0.247333
0.241600
0.303000
0.018000
0.380500
0.738000
0.114667
0.152000
0.624000
0.216000
0.048000
0.012000
0.227667
0.738667
0.076000
0.067000
0.302000
0.260000
0.381000
0.738667
0.197333
0.272000
0.155000
0.065000
0.649000
0.024000
0.002000
0.134000
0.350000
0.398000
0.030000
0.118000
0.169000
0.188000
0.476000
0.495000
0.113000
0.266000
0.758000
0.145500
0.210000
0.101000
0.259000
0.474000
0.000000
0.640000
0.010000
0.022000
0.068000
0.435000
0.390333
0.066000
0.050000
0.225667
0.170000
0.134000
0.224000
0.125000
0.062000
0.167000
0.132000
0.730000
0.463000
0.122000
0.221000
0.042000
0.022000
0.172000
0.132000
0.136000
0.382000
0.552000
0.016000
0.198000
0.062000
0.661000
0.244333
0.476000
0.293000
0.676000
0.032000
0.104000
0.314000
0.136000
0.303000
0.042000
0.693000
0.453333
0.202000
0.060000
0.163000
0.424000
0.131333
0.310000
0.046000
0.167000
0.705000
0.008667
0.328000
0.114000
0.105000
0.565000
0.110000
0.192000
0.148000
0.078000
0.356000
0.020000
0.824000
0.331000
0.062000
0.192000
0.384000
0.008000
0.004000
0.066000
0.005000
0.547333
0.521667
0.416000
0.186667
0.676000
0.004000
0.195000
0.530000
0.493667
0.271200
0.068000
0.050000
0.371000
0.298000
0.489000
0.076000
0.270000
0.143000
0.436667
0.135000
0.600000
0.274000
0.036000
0.006000
0.020000
0.078000
0.006000
0.056667
0.042000
0.040000
0.139667
0.678000
0.094000
0.006000
0.006000
0.519000
0.057333
0.092000
0.083000
0.276000
0.219000
0.017500
0.032000
0.167000
0.000000
0.134000
0.585333
0.048500
0.328000
0.635000
0.006000
0.322867
0.020000
0.055333
0.382000
0.299333
0.097000
0.018000
0.004000
0.032000
0.172000
0.862000
0.217000
0.600000
0.336000
0.181667
0.064000
0.120000
0.282000
0.050000
0.692000
0.298000
0.125667
0.617333
0.068333
0.655667
0.810000
0.334000
0.000000
0.745000
0.016000
0.074667
0.018000
0.551000
0.160000
0.730000
0.257000
0.018000
0.054000
0.702000
0.649000
0.175000
0.714000
0.304000
0.166000
0.000000
0.000000
0.480000
0.439000
0.136000
0.031000
0.072600
0.000000
0.174000
0.043000
0.094000
0.030000
0.322500
0.718000
0.237000
0.143000
0.103000
0.642000
0.174000
0.076000
0.126667
0.217333
0.002000
0.084000
0.250000
0.092000
0.155000
0.247000
0.195667
0.354000
0.190000
0.114667
0.064000
0.143000
0.132000
0.207000
0.010000
0.277000
0.044000
0.184000
0.212000
0.202000
0.255000
0.408000
0.014000
0.020667
0.509000
0.223000
0.322000
0.221000
0.134000
0.000000
0.289000
0.012000
0.098222
0.036333
0.768000
0.144000
0.160000
0.149000
0.141000
0.450000
0.433000
0.726000
0.039000
0.098000
0.681000
0.553000
0.066000
0.191000
0.426000
0.178000
0.164000
0.239333
0.460000
0.670000
0.438000
0.491000
0.036000
0.112000
0.088000
0.122667
0.032000
0.010000
0.461500
0.435500
0.182000
0.076000
0.503000
0.128000
0.630000
0.027000
0.480000
0.146000
0.073333
0.326000
0.222000
0.168000
0.788000
0.010000
0.148333
0.370000
0.077667
0.746000
0.107000
0.572000
0.338600
0.348000
0.554000
0.119000
0.008000
0.018000
0.012000
0.060000
0.662000
0.048000
0.264000
0.066000
0.071667
0.054000
0.443333
0.738000
0.336333
0.619000
0.004000
0.190000
0.039000
0.211000
0.138000
0.026000
0.124000
0.412000
0.048000
0.780000
0.074000
0.096000
0.108000
0.064000
0.582000
0.050000
0.854000
0.662000
0.036000
0.099000
0.178000
0.014000
0.313000
0.123600
0.060000
0.174000
0.179000
0.051000
0.010000
0.020000
0.384000
0.326000
0.373000
0.632000
0.334000
0.515600
0.162000
0.316000
0.084000
0.208000
0.218867
0.056000
0.390400
0.056000
0.131000
0.493167
0.038000
0.678000
0.320667
0.571000
0.064000
0.362000
0.244000
0.192333
0.006000
0.042000
0.828000
0.190000
0.196000
0.027000
0.038000
0.036000
0.038000
0.069333
0.004000
0.591000
0.232000
0.146000
0.260667
0.672000
0.313000
0.226000
0.488400
0.533500
0.473000
0.020000
0.686000
0.073000
0.011000
0.018000
0.048000
0.000000
0.577000
0.359000
0.673000
0.224000
0.722000
0.545000
0.240000
0.159000
0.200667
0.243000
0.254000
0.259333
0.250000
0.110000
0.722000
0.556000
0.851000
0.016000
0.100000
0.243000
0.489000
0.105333
0.150000
0.052000
0.270000
0.608000
0.274000
0.180000
0.113000
0.574000
0.780000
0.172000
0.162000
0.066000
0.102000
0.414000
0.245000
0.070000
0.052000
0.461000
0.167667
0.158000
0.004000
0.008000
0.438000
0.347000
0.064500
0.373000
0.310667
0.089000
0.264000
0.211000
0.795000
0.021000
0.778000
0.298000
0.366000
0.098000
0.286000
0.008000
0.592000
0.778000
0.155000
0.061667
0.105667
0.144000
0.515333
0.174000
0.020000
0.038000
0.016000
0.002000
0.587600
0.022000
0.380000
0.006000
0.102000
0.062667
0.118000
0.056000
0.764000
0.298000
0.727000
0.002000
0.038000
0.064000
0.092000
0.016667
0.241000
0.142000
0.294000
0.060000
0.278667
0.018000
0.008000
0.077333
0.582000
0.672000
0.737000
0.739333
0.205000
0.185000
0.545000
0.328667
0.655000
0.723000
0.013000
0.833000
0.152000
0.470000
0.624000
0.002000
0.158000
0.102500
0.158000
0.344000
0.092000
0.132000
0.054000
0.006000
0.099333
0.414667
0.348667
0.285667
0.020000
0.064000
0.152000
0.000000
0.152000
0.582000
0.264000
0.703333
0.654667
0.134000
0.192500
0.708000
0.193000
0.710000
0.249000
0.095000
0.000000
0.234000
0.035000
0.618000
0.012000
0.214500
0.058000
0.371000
0.380000
0.044000
0.024000
0.028000
0.655000
0.211000
0.036000
0.467667
0.818000
0.632000
0.598000
0.755000
0.691500
0.154000
0.284000
0.025000
0.818000
0.057000
0.004000
0.041000
0.279000
0.173500
0.736000
0.114000
0.106667
0.290333
0.612000
0.038000
0.198000
0.014000
0.272000
0.104000
0.518000
0.348167
0.148000
0.178000
0.069000
0.079000
0.374667
0.166000
0.036000
0.100000
0.074000
0.062000
0.513000
0.122000
0.020000
0.036000
0.106000
0.202000
0.274333
0.135667
0.691667
0.335000
0.534000
0.218000
0.204000
0.086000
0.397000
0.594000
0.157000
0.272000
0.226000
0.740000
0.287000
0.136000
0.255000
0.166000
0.513000
0.371333
0.014000
0.046000
0.128000
0.593000
0.186000
0.184000
0.455333
0.665000
0.804500
0.156000
0.216000
0.020000
0.078000
0.732000
0.064000
0.575000
0.165000
0.313333
0.358000
0.356000
0.006000
0.579667
0.310000
0.094000
0.040000
0.472000
0.061000
0.533000
0.091000
0.181000
0.166000
0.712000
0.038000
0.626000
0.458000
0.078000
0.350333
0.030000
0.218000
0.708000
0.144000
0.100000
0.030000
0.160000
0.483000
0.002000
0.432000
0.448000
0.082000
0.260000
0.300000
0.292000
0.074000
0.196000
0.020000
0.046000
0.293333
0.042000
0.036000
0.424000
0.620000
0.283000
0.820667
0.010000
0.838000
0.272000
0.093000
0.004000
0.036000
0.589000
0.145000
0.008000
0.039000
0.189000
0.664000
0.182000
0.067000
0.662000
0.181000
0.066000
0.000000
0.220000
0.353200
0.293667
0.053333
0.036000
0.279333
0.004000
0.382333
0.018000
0.300333
0.731000
0.030000
0.443000
0.086000
0.072000
0.074500
0.163000
0.373000
0.714000
0.090667
0.058000
0.041000
0.597000
0.024000
0.100000
0.024000
0.160000
0.172000
0.082000
0.028000
0.793600
0.145000
0.026000
0.468000
0.440000
0.008000
0.622000
0.220000
0.121000
0.614000
0.086000
0.336000
0.686000
0.197000
0.010000
0.474000
0.372000
0.237000
0.093500
0.259667
0.010667
0.234667
0.620000
0.790000
0.580000
0.113000
0.180500
0.294667
0.044000
0.697000
0.128000
0.082000
0.444000
0.772000
0.568000
0.505667
0.171667
0.118000
0.102000
0.140000
0.002000
0.084000
0.115000
0.562000
0.098667
0.499000
0.810000
0.748000
0.450000
0.510000
0.173000
0.420000
0.676000
0.032000
0.173500
0.338467
0.839000
0.118000
0.084000
0.282667
0.244200
0.069000
0.431000
0.285000
0.007000
0.192000
0.287867
0.039333
0.367000
0.144667
0.860000
0.338000
0.684000
0.116000
0.761667
0.078000
0.065667
0.247333
0.359000
0.708000
0.215000
0.014000
0.437000
0.106000
0.100000
0.078000
0.129000
0.267000
0.511000
0.217000
0.134000
0.654000
0.080000
0.304000
0.036000
0.398000
0.623000
0.006000
0.120000
0.137333
0.203000
0.632667
0.057867
0.212000
0.186000
0.401333
0.012000
0.241000
0.714000
0.677000
0.370000
0.070000
0.082000
0.015000
0.012667
0.659000
0.182000
0.640000
0.054000
0.326000
0.062000
0.494000
0.225000
0.722000
0.060000
0.348000
0.582000
0.022000
0.074000
0.780000
0.000000
0.090000
0.096000
0.010000
0.022000
0.000000
0.031333
0.204667
0.153500
0.182000
0.206000
0.756000
0.728667
0.504000
0.408000
0.579000
0.177667
0.182667
0.055000
0.000000
0.109000
0.734000
0.318000
0.012000
0.088667
0.028500
0.619000
0.044000
0.056000
0.082000
0.685333
0.261000
0.020000
0.667667
0.100000
0.074000
0.136267
0.068000
0.291000
0.076000
0.740000
0.226333
0.364000
0.000000
0.736000
0.252000
0.040000
0.147000
0.021000
0.068000
0.036000
0.006000
0.286000
0.034000
0.477000
0.106000
0.802000
0.020000
0.437000
0.350000
0.568000
0.592000
0.756000
0.784000
0.004000
0.092000
0.107000
0.059000
0.594000
0.078000
0.040000
0.770000
0.089167
0.602000
0.008000
0.016000
0.253000
0.220000
0.190667
0.390000
0.454000
0.095000
0.000000
0.068000
0.280000
0.256667
0.038000
0.579000
0.110667
0.074000
0.004000
0.040000
0.136000
0.718000
0.114000
0.070000
0.586000
0.351000
0.045000
0.197000
0.587000
0.215000
0.255500
0.419000
0.032000
0.046667
0.028000
0.030000
0.436000
0.074000
0.234000
0.018000
0.059000
0.101667
0.050000
0.528500
0.104000
0.645000
0.084000
0.239333
0.004000
0.021333
0.000000
0.086000
0.558000
0.679000
0.139000
0.023333
0.060000
0.058667
0.178000
0.173000
0.040000
0.672000
0.161000
0.396000
0.324000
0.218000
0.802000
0.012000
0.440000
0.075000
0.425000
0.727000
0.026667
0.062000
0.006000
0.032000
0.221667
0.174000
0.326000
0.421500
0.251500
0.198667
0.006000
0.530000
0.026000
0.465667
0.000000
0.008000
0.250667
0.074000
0.142000
0.088000
0.056000
0.046000
0.086000
0.292000
0.616000
0.010000
0.040000
0.812000
0.273500
0.082000
0.010000
0.217000
0.092000
0.457000
0.324333
0.474000
0.108000
0.421000
0.082000
0.132000
0.607000
0.111000
0.365333
0.096667
0.374000
0.317000
0.832000
0.312000
0.169000
0.056000
0.650000
0.713000
0.031500
0.186000
0.556000
0.206333
0.014000
0.219000
0.049000
0.259000
0.184000
0.112000
0.018000
0.006000
0.688000
0.153000
0.233333
0.293500
0.000000
0.836000
0.016000
0.046500
0.134000
0.198000
0.054000
0.046000
0.004000
0.690000
0.219667
0.302000
0.284000
0.105000
0.794000
0.008000
0.006000
0.581000
0.000000
0.094000
0.288667
0.008000
0.510000
0.076000
0.068667
0.659000
0.040000
0.369000
0.000000
0.136000
0.098667
0.106000
0.394000
0.140000
0.070000
0.770000
0.127000
0.473000
0.057000
0.772000
0.014000
0.794000
0.058000
0.006000
0.002000
0.295000
0.476000
0.484333
0.040000
0.605000
0.189000
0.090000
0.526000
0.022000
0.280000
0.120000
0.138000
0.512000
0.728000
0.394000
0.712000
0.146000
0.000000
0.499333
0.502000
0.788000
0.002000
0.275000
0.568000
0.682000
0.120000
0.012000
0.117833
0.363000
0.040000
0.405000
0.787000
0.095000
0.259000
0.066000
0.012000
0.244333
0.344000
0.126667
0.181000
0.041000
0.254000
0.082000
0.524000
0.098333
0.173200
0.008000
0.218000
0.224000
0.078000
0.193000
0.206333
0.655000
0.801333
0.746000
0.132000
0.591000
0.071000
0.072667
0.000000
0.548000
0.680000
0.809667
0.170667
0.094500
0.702000
0.636667
0.611000
0.424000
0.064667
0.417000
0.220000
0.452333
0.224333
0.323333
0.108333
0.279667
0.427333
0.410000
0.011000
0.018000
0.026500
0.040000
0.527000
0.784000
0.058000
0.041667
0.052000
0.619000
0.027000
0.046000
0.126000
0.385000
0.020000
0.324667
0.228000
0.680500
0.600000
0.278667
0.408000
0.220000
0.295400
0.638000
0.322000
0.429000
0.287333
0.133333
0.221000
0.560000
0.029000
0.711000
0.654667
0.022000
0.038000
0.107000
0.116000
0.696000
0.218000
0.105200
0.399000
0.058000
0.342333
0.121000
0.063000
0.576000
0.456667
0.752000
0.030000
0.299667
0.761000
0.660000
0.562000
0.012667
0.088000
0.096000
0.060000
0.108000
0.060000
0.656667
0.078000
0.178000
0.076000
0.191667
0.010000
0.214000
0.020000
0.580333
0.034000
0.002000
0.305000
0.690000
0.663000
0.002000
0.364667
0.764000
0.080000
0.668000
0.070000
0.202000
0.122000
0.805000
0.265000
0.026000
0.028000
0.128000
0.652000
0.178000
0.072000
0.050000
0.152000
0.694000
0.019333
0.018000
0.137000
0.010000
0.064000
0.272667
0.053333
0.082000
0.719000
0.016000
0.267000
0.068000
0.029000
0.332000
0.702000
0.498000
0.606000
0.066000
0.617000
0.634000
0.705000
0.000000
0.282667
0.024000
0.658000
0.330000
0.058000
0.214000
0.206000
0.191000
0.164000
0.143000
0.012000
0.513000
0.332000
0.656667
0.663000
0.006000
0.206000
0.354333
0.020000
0.038000
0.164000
0.348000
0.286500
0.497000
0.081000
0.041000
0.060000
0.074000
0.848000
0.493000
0.418000
0.030000
0.148000
0.152333
0.266000
0.050000
0.142000
0.130000
0.142000
0.817000
0.409000
0.118667
0.024000
0.090000
0.348000
0.198667
0.670000
0.708667
0.290000
0.258000
0.554000
0.331667
0.000000
0.157833
0.674000
0.326333
0.230000
0.016000
0.033000
0.623000
0.309000
0.729000
0.168000
0.344000
0.716000
0.095000
0.012000
0.256500
0.415000
0.140000
0.589000
0.132000
0.014000
0.132000
0.363000
0.001000
0.049333
0.148667
0.836000
0.008000
0.209000
0.330000
0.106667
0.002000
0.138000
0.142000
0.085333
0.114000
0.102000
0.002000
0.256667
0.139333
0.139667
0.012000
0.040000
0.238000
0.594000
0.291000
0.710000
0.029000
0.725000
0.401000
0.011000
0.310000
0.071333
0.423000
0.184000
0.464000
0.000000
0.041000
0.800000
0.526000
0.020000
0.233000
0.100000
0.564000
0.002000
0.228000
0.032000
0.056000
0.740000
0.837000
0.654000
0.098333
0.122000
0.369000
0.532500
0.048000
0.032000
0.771000
0.000000
0.014000
0.058000
0.170000
0.221500
0.031000
0.307000
0.012000
0.264000
0.044000
0.000000
0.010000
0.205000
0.085000
0.414667
0.352000
0.316000
0.281067
0.476000
0.102000
0.082000
0.582500
0.051333
0.579333
0.108000
0.062000
0.287000
0.516000
0.052000
0.691000
0.387000
0.000000
0.100667
0.239000
0.130000
0.148000
0.415000
0.006000
0.232200
0.556000
0.772000
0.290533
0.102000
0.052000
0.307000
0.090333
0.000667
0.212000
0.372000
0.267667
0.144000
0.020000
0.610000
0.022000
0.810000
0.018000
0.516000
0.188000
0.022000
0.131000
0.584000
0.038000
0.014000
0.188000
0.835000
0.060000
0.068000
0.434000
0.106000
0.026667
0.373600
0.712000
0.534000
0.150000
0.033000
0.090000
0.002000
0.056000
0.138000
0.274333
0.201000
0.376000
0.102000
0.049000
0.306000
0.124000
0.008000
0.113667
0.036000
0.016000
0.386000
0.084000
0.364000
0.153000
0.020000
0.106000
0.118000
0.405333
0.456000
0.008667
0.213000
0.038000
0.000000
0.764000
0.572000
0.459000
0.258000
0.234000
0.150000
0.590000
0.083000
0.319667
0.057333
0.074000
0.055000
0.281500
0.195500
0.075000
0.612000
0.220000
0.024000
0.013333
0.664000
0.201000
0.180000
0.237000
0.814667
0.197000
0.088000
0.066000
0.266000
0.026000
0.703000
0.366000
0.650400
0.108000
0.120000
0.066000
0.642000
0.672667
0.144667
0.229333
0.142000
0.064000
0.330000
0.125000
0.023000
0.561000
0.668000
0.000000
0.071333
0.060667
0.836000
0.120000
0.034000
0.024000
0.564500
0.020000
0.002000
0.348000
0.134000
0.065000
0.019000
0.008000
0.297667
0.133000
0.722000
0.160500
0.034000
0.568000
0.034000
0.309000
0.099000
0.525000
0.056000
0.113000
0.215000
0.113000
0.298000
0.020000
0.482000
0.307000
0.302000
0.014800
0.080000
0.316000
0.248000
0.295000
0.709200
0.126000
0.572667
0.110000
0.094667
0.035333
0.135200
0.084000
0.004667
0.427000
0.092000
0.000000
0.820000
0.002000
0.031000
0.176000
0.042000
0.071000
0.110000
0.545667
0.263000
0.402000
0.041000
0.109667
0.672000
0.134000
0.002000
0.202000
0.193200
0.087000
0.085000
0.005000
0.002000
0.223000
0.028000
0.532000
0.207000
0.555000
0.421000
0.504000
0.000000
0.756267
0.198000
0.092333
0.030000
0.066000
0.480000
0.290000
0.142000
0.806000
0.322333
0.447167
0.138000
0.238000
0.083000
0.364000
0.120000
0.002000
0.400000
0.060000
0.112000
0.168000
0.676000
0.390000
0.022000
0.002000
0.022000
0.433333
0.285000
0.253667
0.002000
0.042000
0.740000
0.045500
0.538000
0.554000
0.172000
0.076000
0.784000
0.160000
0.518000
0.153000
0.224000
0.423000
0.255000
0.328000
0.032000
0.042000
0.152000
0.366000
0.046000
0.550000
0.434667
0.142000
0.016500
0.200000
0.216333
0.265000
0.114000
0.428000
0.004000
0.109667
0.018000
0.144000
0.670000
0.051000
0.198000
0.114000
0.220000
0.197000
0.310000
0.032000
0.056000
0.051333
0.505667
0.011000
0.022000
0.054000
0.357333
0.400667
0.181000
0.223000
0.066000
0.184000
0.082000
0.522000
0.660000
0.002000
0.000000
0.198000
0.787000
0.322000
0.192500
0.037000
0.102000
0.069000
0.006000
0.012000
0.659000
0.130000
0.371000
0.130000
0.016000
0.431000
0.158000
0.180600
0.358000
0.494000
0.197000
0.152667
0.052000
0.016000
0.086000
0.218000
0.166000
0.005000
0.413000
0.341000
0.360000
0.165000
0.064000
0.079000
0.062000
0.069000
0.517000
0.554667
0.058000
0.009333
0.008000
0.231000
0.116000
0.791500
0.233000
0.292000
0.121500
0.008000
0.423000
0.104000
0.104000
0.680000
0.522000
0.060000
0.229333
0.201000
0.839000
0.012667
0.118000
0.004000
0.258000
0.064600
0.294000
0.043000
0.425333
0.000000
0.411000
0.443000
0.353000
0.466867
0.335000
0.235000
0.277000
0.070000
0.621000
0.398667
0.259333
0.114000
0.145000
0.622667
0.151000
0.592000
0.507867
0.591333
0.246000
0.024000
0.251000
0.032000
0.068667
0.000000
0.818667
0.480000
0.298667
0.038000
0.036000
0.640000
0.493000
0.016000
0.782000
0.032000
0.175167
0.184000
0.066000
0.740000
0.447000
0.262667
0.129222
0.704000
0.102667
0.006000
0.031333
0.050000
0.039000
0.244000
0.143000
0.285000
0.130000
0.144000
0.282000
0.013000
0.573000
0.122667
0.098000
0.158000
0.080000
0.337333
0.444667
0.146000
0.018000
0.632000
0.016000
0.037000
0.709000
0.002000
0.194000
0.383000
0.004000
0.189000
0.287000
0.008000
0.738000
0.354000
0.350200
0.072000
0.148833
0.586167
0.130500
0.485000
0.063000
0.794000
0.166000
0.734000
0.644000
0.104000
0.108000
0.002000
0.638000
0.004000
0.012000
0.064000
0.366000
0.134000
0.474667
0.148000
0.655000
0.673333
0.102000
0.358000
0.064000
0.036000
0.203000
0.106000
0.197000
0.062000
0.196000
0.792000
0.052000
0.272000
0.010000
0.236000
0.096000
0.640000
0.028000
0.000000
0.519000
0.470000
0.052000
0.142000
0.014000
0.607000
0.000000
0.020000
0.034000
0.244000
0.318000
0.106000
0.446000
0.094000
0.680667
0.000000
0.015667
0.198667
0.350000
0.330000
0.214000
0.124000
0.021000
0.555000
0.121000
0.088333
0.830000
0.116000
0.086000
0.124000
0.224000
0.058500
0.226000
0.116000
0.038000
0.704000
0.002000
0.265100
0.662000
0.154000
0.054000
0.753000
0.042000
0.680000
0.331000
0.006000
0.008000
0.604667
0.644000
0.309000
0.142000
0.656000
0.134000
0.082000
0.028000
0.383000
0.080000
0.200000
0.193833
0.044000
0.372000
0.156667
0.142333
0.202000
0.002000
0.374000
0.111667
0.094000
0.042000
0.210000
0.222000
0.494000
0.382333
0.244000
0.164000
0.754000
0.154000
0.006000
0.773000
0.050000
0.202000
0.710000
0.162000
0.008000
0.146667
0.311000
0.220000
0.530000
0.052000
0.228333
0.350000
0.593333
0.004000
0.528500
0.624000
0.720000
0.236000
0.463667
0.080000
0.684667
0.259000
0.310000
0.012000
0.320000
0.014000
0.306667
0.006000
0.093000
0.609000
0.223000
0.090000
0.182000
0.234000
0.338333
0.034000
0.199000
0.390000
0.136333
0.032000
0.312000
0.211000
0.772000
0.815000
0.272000
0.057000
0.016000
0.105000
0.239000
0.145833
0.124000
0.042000
0.323000
0.418333
0.080000
0.442000
0.076000
0.040000
0.253000
0.058000
0.349200
0.217333
0.306200
0.278667
0.037000
0.046000
0.087000
0.428667
0.002000
0.316000
0.257000
0.035000
0.467000
0.016000
0.140000
0.066000
0.311000
0.358000
0.240000
0.039000
0.256000
0.058000
0.062000
0.816000
0.046000
0.702000
0.156000
0.805000
0.034000
0.650000
0.739000
0.546000
0.740000
0.139000
0.780000
0.128000
0.643667
0.559000
0.275000
0.026000
0.428000
0.442000
0.776000
0.195000
0.149000
0.120000
0.129333
0.684000
0.789333
0.104000
0.342667
0.137667
0.581000
0.624667
0.278000
0.022000
0.115000
0.383333
0.236667
0.649000
0.750667
0.736333
0.724000
0.068000
0.399500
0.025500
0.234000
0.030000
0.256500
0.176000
0.096667
0.710000
0.168000
0.268000
0.349000
0.385000
0.048000
0.560000
0.240000
0.012000
0.128000
0.036000
0.128000
0.034000
0.675000
0.036667
0.118000
0.036000
0.700000
0.024000
0.099000
0.383000
0.152000
0.214333
0.579000
0.203000
0.634000
0.042000
0.128000
0.111667
0.475000
0.169000
0.124000
0.010000
0.104000
0.000000
0.221600
0.096667
0.076000
0.732000
0.764000
0.070000
0.792933
0.031000
0.059000
0.720000
0.012000
0.008000
0.331000
0.074000
0.130000
0.046000
0.026000
0.796000
0.611000
0.072667
0.680000
0.664000
0.206000
0.112000
0.118000
0.004000
0.362000
0.356000
0.466000
0.359000
0.206000
0.642000
0.000000
0.770000
0.246000
0.057000
0.319000
0.014000
0.074000
0.168000
0.365000
0.185667
0.364000
0.004000
0.271000
0.229000
0.554000
0.559000
0.210000
0.678000
0.738000
0.000000
0.433000
0.062667
0.067000
0.450333
0.204000
0.164667
0.008000
0.116000
0.032000
0.116000
0.656000
0.103000
0.114000
0.618000
0.326000
0.134000
0.543000
0.060000
0.069000
0.531000
0.094000
0.002000
0.752000
0.135333
0.044000
0.723000
0.273000
0.094000
0.008000
0.299000
0.002000
0.024000
0.040000
0.154000
0.776000
0.074000
0.279333
0.010000
0.022000
0.527667
0.305000
0.308000
0.633000
0.169000
0.002000
0.006667
0.246000
0.002000
0.350000
0.256000
0.228000
0.029667
0.002000
0.552500
0.000000
0.024000
0.044000
0.395000
0.032000
0.208333
0.042000
0.297000
0.793000
0.657000
0.000000
0.088000
0.036000
0.346667
0.002000
0.235000
0.110000
0.225000
0.358000
0.038000
0.470500
0.045000
0.243000
0.119333
0.076000
0.170000
0.009000
0.094000
0.312000
0.508667
0.048000
0.011333
0.070000
0.004000
0.696000
0.138000
0.169000
0.452000
0.244000
0.692000
0.209000
0.205000
0.233000
0.273000
0.104000
0.816000
0.132500
0.720000
0.032000
0.006000
0.034000
0.321500
0.000000
0.120000
0.351000
0.106000
0.255667
0.058000
0.852000
0.420000
0.089000
0.046000
0.003000
0.046000
0.212000
0.426000
0.440000
0.515000
0.268000
0.020000
0.129200
0.386667
0.086000
0.000000
0.731667
0.358000
0.599000
0.624000
0.068000
0.005000
0.070667
0.034000
0.014000
0.064000
0.004000
0.105000
0.094000
0.056000
0.802000
0.101000
0.347000
0.002000
0.798000
0.002000
0.490667
0.365000
0.182000
0.000000
0.712500
0.230733
0.633000
0.244000
0.164000
0.074000
0.610000
0.548000
0.080667
0.598000
0.030000
0.092000
0.548667
0.674000
0.696500
0.154667
0.126000
0.156000
0.313667
0.071000
0.038000
0.102000
0.754000
0.267000
0.000000
0.120000
0.072000
0.198000
0.823000
0.106000
0.153000
0.259000
0.008667
0.335667
0.057000
0.642000
0.665000
0.112000
0.252000
0.042000
0.530000
0.223000
0.038000
0.744000
0.204000
0.217000
0.036000
0.224000
0.124000
0.142333
0.574000
0.149000
0.004000
0.291000
0.832000
0.181333
0.129000
0.008000
0.160000
0.016500
0.247000
0.094000
0.430000
0.076000
0.718000
0.196000
0.046000
0.060000
0.282000
0.093000
0.163000
0.000000
0.262500
0.018000
0.152000
0.168000
0.044000
0.227000
0.618000
0.322000
0.080000
0.004000
0.175222
0.092000
0.213000
0.725000
0.034667
0.116000
0.078000
0.659600
0.030667
0.491000
0.156667
0.076000
0.486000
0.506000
0.254000
0.470000
0.419000
0.629000
0.696000
0.542000
0.148000
0.018000
0.426000
0.367000
0.538000
0.874000
0.040000
0.110000
0.625000
0.210667
0.229000
0.324000
0.002000
0.331333
0.095333
0.704000
0.002000
0.038000
0.463000
0.036000
0.744000
0.084000
0.050000
0.056667
0.343000
0.055000
0.513000
0.113000
0.024000
0.040000
0.088000
0.340667
0.748000
0.329000
0.018000
0.443000
0.068000
0.767333
0.601000
0.074000
0.000000
0.006000
0.099000
0.555000
0.221000
0.278000
0.227333
0.016000
0.162000
0.278000
0.272000
0.609000
0.721333
0.260000
0.786000
0.759667
0.040000
0.130667
0.006000
0.375000
0.024000
0.712000
0.032667
0.530667
0.291000
0.399667
0.081000
0.518000
0.202000
0.354000
0.014000
0.187000
0.136000
0.033000
0.229000
0.150000
0.162000
0.076000
0.000000
0.000000
0.069000
0.020000
0.368000
0.600000
0.612000
0.248000
0.674000
0.159000
0.108000
0.152000
0.195667
0.358000
0.304000
0.183000
0.028000
0.035000
0.373667
0.886000
0.475000
0.404667
0.094000
0.010000
0.278000
0.008000
0.010000
0.000000
0.203667
0.074000
0.036000
0.026000
0.489667
0.122000
0.183667
0.092000
0.233000
0.816000
0.230000
0.474500
0.044000
0.519000
0.346000
0.044667
0.086500
0.754000
0.136000
0.129000
0.229000
0.288000
0.013000
0.000000
0.171000
0.057000
0.690000
0.048000
0.020000
0.355667
0.183000
0.526000
0.223000
0.249000
0.060000
0.008000
0.291200
0.032333
0.036000
0.672000
0.021000
0.184000
0.714667
0.287500
0.091333
0.022000
0.129000
0.044000
0.002000
0.014000
0.588667
0.012000
0.046000
0.022000
0.496000
0.002000
0.100000
0.178000
0.098000
0.147200
0.433000
0.000000
0.006000
0.223667
0.020000
0.469000
0.069000
0.076000
0.161000
0.479000
0.244667
0.544000
0.760000
0.252000
0.091000
0.016000
0.183000
0.014000
0.835000
0.091000
0.273000
0.624000
0.315333
0.002000
0.259000
0.355000
0.280000
0.060000
0.038000
0.480000
0.217000
0.324000
0.083000
0.122667
0.082000
0.747000
0.142000
0.222333
0.210333
0.411500
0.199000
0.821000
0.016000
0.184000
0.080000
0.208000
0.120000
0.634000
0.145000
0.205000
0.007667
0.167000
0.187333
0.164000
0.714000
0.060000
0.026000
0.218667
0.752000
0.164000
0.494000
0.022000
0.366000
0.192000
0.558667
0.288333
0.060000
0.094000
0.649000
0.111333
0.002000
0.028000
0.315000
0.016000
0.031000
0.658000
0.830000
0.016000
0.340000
0.346000
0.311000
0.768000
0.087000
0.144000
0.052000
0.296000
0.710000
0.350500
0.101000
0.036000
0.448667
0.365000
0.183000
0.327000
0.186000
0.186000
0.266000
0.261667
0.622000
0.116000
0.426000
0.570467
0.599000
0.214000
0.053000
0.054667
0.022000
0.267667
0.002000
0.606333
0.010000
0.324667
0.704000
0.078000
0.372000
0.095000
0.274000
0.056000
0.018000
0.042000
0.208000
0.144333
0.012667
0.050000
0.090000
0.231500
0.136000
0.551000
0.526333
0.010000
0.006000
0.746500
0.128000
0.383000
0.314000
0.242000
0.251000
0.623000
0.038000
0.460000
0.805333
0.260000
0.240000
0.126000
0.242667
0.300000
0.857000
0.282000
0.315000
0.008000
0.743000
0.004000
0.000000
0.071000
0.276000
0.517667
0.012000
0.227000
0.030000
0.271667
0.188000
0.196000
0.004000
0.034000
0.235333
0.172000
0.693000
0.044000
0.239000
0.351667
0.677000
0.290000
0.692333
0.006000
0.122667
0.707500
0.333000
0.040167
0.330000
0.212000
0.325167
0.203200
0.348000
0.014000
0.012000
0.686000
0.778000
0.147000
0.764000
0.074000
0.216000
0.533200
0.104000
0.710000
0.631000
0.085000
0.031167
0.341000
0.088000
0.640000
0.341000
0.016000
0.044000
0.002000
0.404000
0.660000
0.140000
0.088500
0.270000
0.661667
0.653667
0.090667
0.020000
0.322000
0.328000
0.002000
0.198000
0.179000
0.150000
0.046000
0.036000
0.556000
0.145000
0.096000
0.426667
0.244000
0.066000
0.546000
0.014000
0.144667
0.226000
0.093000
0.000000
0.138000
0.016000
0.000000
0.650000
0.649500
0.395000
0.044000
0.153333
0.129000
0.070000
0.110000
0.012000
0.082000
0.516000
0.036000
0.030000
0.004000
0.195000
0.012000
0.060000
0.146000
0.248000
0.028000
0.326000
0.157000
0.562000
0.328000
0.075000
0.332000
0.525000
0.000000
0.134000
0.078000
0.117000
0.115000
0.273000
0.038000
0.560000
0.841500
0.685667
0.004000
0.106000
0.062000
0.093000
0.096000
0.029000
0.578000
0.071000
0.234000
0.110000
0.536000
0.164000
0.042000
0.468000
0.346667
0.278333
0.002000
0.602000
0.024667
0.728000
0.037333
0.112000
0.105000
0.136000
0.046667
0.568000
0.142000
0.159000
0.604000
0.154000
0.044000
0.247667
0.320000
0.180000
0.637000
0.018000
0.627000
0.200000
0.462000
0.588000
0.042000
0.012000
0.487333
0.004000
0.250000
0.060000
0.600000
0.135000
0.173500
0.002000
0.086000
0.334000
0.202000
0.276000
0.214333
0.268200
0.277667
0.685000
0.104000
0.000000
0.068000
0.175333
0.064000
0.095333
0.118000
0.306000
0.650667
0.346000
0.136000
0.047000
0.046000
0.203000
0.440000
0.024000
0.575667
0.746000
0.325000
0.780500
0.097000
0.036000
0.662000
0.102000
0.081000
0.077000
0.026000
0.169000
0.676667
0.137000
0.000000
0.143000
0.006000
0.683000
0.054000
0.596000
0.052000
0.064000
0.058000
0.112000
0.830000
0.037000
0.182000
0.160667
0.036000
0.103000
0.067667
0.574000
0.020000
0.245667
0.212000
0.132000
0.092000
0.032000
0.279000
0.715000
0.384000
0.058000
0.032000
0.107333
0.202000
0.220000
0.060000
0.051000
0.752000
0.432000
0.212000
0.802000
0.730000
0.750000
0.212000
0.136000
0.066000
0.184000
0.400000
0.071000
0.050000
0.140000
0.162000
0.082000
0.051000
0.148000
0.068000
0.004000
0.657000
0.057000
0.448000
0.004000
0.291000
0.308000
0.165333
0.015000
0.348000
0.588000
0.057000
0.297000
0.668000
0.149333
0.110000
0.254000
0.218000
0.016000
0.636000
0.068000
0.674000
0.199667
0.256500
0.502000
0.000000
0.194000
0.192000
0.236000
0.094000
0.329000
0.020000
0.307667
0.000000
0.764000
0.671000
0.194000
0.874000
0.422000
0.082000
0.318000
0.114000
0.192000
0.106000
0.313000
0.000000
0.182000
0.135667
0.086000
0.348000
0.297000
0.112000
0.112000
0.757000
0.056000
0.706000
0.606667
0.821667
0.198000
0.178000
0.012000
0.012000
0.085000
0.118000
0.364500
0.164000
0.192000
0.006000
0.033000
0.086000
0.334000
0.752000
0.075000
0.294000
0.507000
0.079000
0.560000
0.632000
0.006000
0.000000
0.231000
0.312000
0.000000
0.000000
0.562000
0.216000
0.020000
0.213000
0.000000
0.725000
0.082000
0.784000
0.022000
0.000000
0.558000
0.266667
0.420333
0.000000
0.732000
0.142000
0.040000
0.000000
0.752000
0.000000
0.674667
0.097000
0.060000
0.092000
0.180000
0.543667
0.794000
0.691000
0.305200
0.673667
0.032000
0.104000
0.047000
0.141333
0.006000
0.580333
0.348000
0.012000
0.298500
0.164667
0.168000
0.274000
0.211000
0.165000
0.146000
0.042000
0.612000
0.790000
0.240000
0.024000
0.010000
0.111200
0.176000
0.010000
0.356000
0.109000
0.253500
0.201667
0.008000
0.447000
0.002000
0.012000
0.036000
0.032000
0.176000
0.189500
0.046000
0.000000
0.023000
0.020000
0.049333
0.042667
0.790000
0.040000
0.030000
0.004667
0.556000
0.020000
0.014000
0.309000
0.401667
0.020000
0.014000
0.742000
0.248000
0.000000
0.177000
0.290000
0.109000
0.112000
0.106000
0.214000
0.000000
0.198000
0.064000
0.274000
0.208000
0.716000
0.004000
0.102667
0.024000
0.296000
0.050667
0.058000
0.428333
0.346000
0.293667
0.090000
0.776000
0.197000
0.022000
0.138000
0.144000
0.049000
0.012000
0.038000
0.139000
0.314000
0.134000
0.672000
0.147667
0.172000
0.002000
0.704000
0.263000
0.766000
0.358000
0.068000
0.452667
0.132000
0.027000
0.034000
0.455667
0.254000
0.804000
0.058000
0.349500
0.021000
0.150000
0.122000
0.074000
0.644000
0.008500
0.167667
0.026000
0.594333
0.128000
0.778000
0.532667
0.176000
0.210000
0.276000
0.748000
0.695000
0.058000
0.115000
0.313000
0.072000
0.071000
0.024000
0.018000
0.068000
0.074000
0.371000
0.258000
0.038000
0.131000
0.572000
0.101000
0.008000
0.196000
0.048000
0.197333
0.091500
0.016500
0.516000
0.746000
0.022000
0.078000
0.205000
0.094000
0.226000
0.002000
0.378000
0.820000
0.372000
0.022000
0.184000
0.197067
0.653000
0.350000
0.586000
0.012000
0.196000
0.280000
0.750000
0.710500
0.270000
0.002000
0.128000
0.194000
0.008000
0.092000
0.028000
0.082000
0.527000
0.028000
0.060000
0.236000
0.696000
0.472500
0.077333
0.461000
0.034000
0.100000
0.776000
0.088000
0.594000
0.024000
0.062000
0.095500
0.170000
0.002000
0.302667
0.048000
0.473000
0.040000
0.104000
0.509000
0.088000
0.156000
0.114000
0.038000
0.404667
0.302000
0.022000
0.122000
0.120000
0.098000
0.379667
0.069667
0.066222
0.471000
0.488333
0.581000
0.526000
0.591667
0.045000
0.084000
0.084000
0.130000
0.149000
0.000000
0.381000
0.199000
0.728000
0.425000
0.260000
0.303000
0.286667
0.032000
0.140000
0.186000
0.082000
0.086000
0.257000
0.184000
0.652000
0.072000
0.194000
0.015000
0.288000
0.140000
0.181333
0.774000
0.662000
0.358000
0.000000
0.010000
0.088000
0.065000
0.544000
0.117000
0.036667
0.002000
0.232000
0.247000
0.030000
0.730000
0.236667
0.068000
0.328000
0.002000
0.038000
0.024000
0.365667
0.022000
0.002000
0.155000
0.108000
0.459333
0.533000
0.044000
0.282000
0.030000
0.467000
0.259667
0.065000
0.108000
0.661333
0.020000
0.130000
0.358333
0.376000
0.044000
0.123000
0.000000
0.014000
0.050000
0.629000
0.036000
0.459000
0.116000
0.077000
0.648000
0.176000
0.050000
0.643000
0.034000
0.126000
0.114000
0.006000
0.014000
0.124000
0.092000
0.627000
0.022000
0.048000
0.130000
0.644000
0.337667
0.062000
0.738500
0.000000
0.197000
0.050000
0.364000
0.355000
0.653000
0.313000
0.030000
0.122000
0.044000
0.183667
0.042000
0.559000
0.011000
0.002000
0.316000
0.145000
0.790000
0.108000
0.220667
0.024000
0.294000
0.070000
0.171000
0.032500
0.174000
0.056000
0.140000
0.202333
0.088000
0.504000
0.717667
0.082000
0.027000
0.756000
0.063000
0.188000
0.016000
0.196000
0.078000
0.004000
0.276000
0.586000
0.008000
0.719000
0.319333
0.598000
0.517333
0.053000
0.196000
0.037333
0.226333
0.190000
0.658000
0.624000
0.707667
0.600667
0.007000
0.012000
0.380000
0.080000
0.456000
0.497000
0.104000
0.110000
0.242000
0.522000
0.044000
0.020000
0.051333
0.326667
0.062000
0.617333
0.705000
0.365000
0.149000
0.092000
0.130000
0.764000
0.114000
0.127000
0.108000
0.101000
0.000000
0.155000
0.010000
0.044000
0.180000
0.192400
0.454667
0.068000
0.142000
0.028000
0.113000
0.130000
0.802000
0.182000
0.670000
0.214667
0.192000
0.477333
0.090000
0.736000
0.098500
0.400000
0.076000
0.518000
0.215000
0.074000
0.177000
0.479000
0.414000
0.000000
0.110000
0.163000
0.116000
0.576000
0.032000
0.784667
0.616000
0.164000
0.142000
0.097000
0.086000
0.127000
0.066000
0.374667
0.368000
0.754000
0.296000
0.193000
0.028000
0.004000
0.029000
0.638000
0.831000
0.006000
0.066000
0.024000
0.072000
0.413000
0.132000
0.188000
0.000000
0.359000
0.144000
0.085000
0.186000
0.139000
0.838000
0.045333
0.410500
0.076000
0.092000
0.427000
0.176667
0.711000
0.340667
0.072000
0.074500
0.665000
0.044000
0.350667
0.106000
0.100000
0.699000
0.615000
0.627333
0.002000
0.729000
0.221000
0.206000
0.226000
0.094000
0.059000
0.148000
0.088000
0.222333
0.261000
0.008000
0.160000
0.010500
0.582000
0.420000
0.181600
0.229000
0.216000
0.534000
0.187500
0.046000
0.010000
0.136000
0.355000
0.034000
0.324000
0.056000
0.736000
0.066000
0.705000
0.136667
0.068000
0.004000
0.372000
0.101000
0.276000
0.054000
0.002000
0.450000
0.002000
0.824000
0.046000
0.056000
0.411333
0.002000
0.046000
0.630000
0.241000
0.163000
0.458333
0.169000
0.647000
0.183000
0.148000
0.034333
0.173000
0.004000
0.049000
0.660000
0.088000
0.442000
0.000000
0.137333
0.601000
0.179000
0.109167
0.008000
0.634000
0.057000
0.068000
0.654000
0.030667
0.266000
0.012000
0.700000
0.050000
0.668000
0.505000
0.308000
0.020000
0.327000
0.064000
0.128000
0.205000
0.018000
0.118000
0.273000
0.115000
0.686000
0.594000
0.089000
0.004000
0.103000
0.056000
0.016000
0.719000
0.028000
0.120000
0.042000
0.441000
0.000000
0.738000
0.320000
0.004000
0.000000
0.410667
0.050000
0.173000
0.129000
0.545000
0.431000
0.451000
0.150000
0.100000
0.082000
0.121000
0.574000
0.601000
0.650000
0.290000
0.056000
0.101000
0.036000
0.129000
0.211000
0.812000
0.142000
0.096333
0.202000
0.136667
0.772000
0.038000
0.672000
0.046000
0.034000
0.000000
0.084000
0.094000
0.047000
0.144500
0.256000
0.047000
0.126000
0.545667
0.094000
0.022000
0.110000
0.004000
0.102667
0.100000
0.284667
0.002000
0.010000
0.436667
0.134000
0.168000
0.172000
0.122000
0.183000
0.076000
0.373000
0.691000
0.268000
0.095400
0.198667
0.024000
0.073000
0.016000
0.313000
0.701000
0.349500
0.117000
0.018000
0.467667
0.006000
0.261333
0.216333
0.010000
0.016000
0.020000
0.732000
0.081333
0.056000
0.622100
0.004000
0.064000
0.293167
0.322000
0.242000
0.250000
0.564000
0.196000
0.092000
0.048667
0.047000
0.120000
0.393500
0.100667
0.006000
0.238000
0.250000
0.193000
0.792000
0.137000
0.598333
0.280000
0.187000
0.462000
0.848000
0.070667
0.306000
0.240000
0.189000
0.048000
0.219667
0.150000
0.220000
0.770000
0.074000
0.000000
0.004000
0.058000
0.208000
0.586000
0.716000
0.691000
0.036667
0.282000
0.224000
0.084000
0.713000
0.403000
0.036000
0.042000
0.392000
0.122000
0.030000
0.549000
0.092667
0.200000
0.713333
0.699000
0.321333
0.222000
0.184667
0.117667
0.142000
0.114000
0.366667
0.177333
0.011000
0.192000
0.129000
0.171000
0.065667
0.152000
0.211500
0.714000
0.000000
0.060333
0.022000
0.150000
0.265000
0.030000
0.775000
0.298000
0.672000
0.140000
0.020000
0.104000
0.576000
0.100000
0.031667
0.780000
0.152000
0.198000
0.360000
0.382000
0.022000
0.181000
0.670500
0.770000
0.288000
0.142000
0.062000
0.092333
0.132000
0.602667
0.265500
0.006000
0.166000
0.231500
0.250000
0.190000
0.303000
0.112667
0.614000
0.198000
0.036000
0.126667
0.000000
0.199000
0.648000
0.004000
0.091667
0.285000
0.428000
0.235000
0.251000
0.146000
0.307000
0.763500
0.561000
0.472667
0.374000
0.106000
0.152000
0.245667
0.072000
0.334000
0.042000
0.066000
0.321000
0.196000
0.234667
0.299500
0.507000
0.525333
0.160000
0.207000
0.251000
0.006000
0.488000
0.008000
0.088000
0.163667
0.102000
0.084667
0.716000
0.668000
0.114000
0.180000
0.065000
0.022000
0.355000
0.103000
0.023000
0.046000
0.119000
0.152000
0.132000
0.094000
0.082000
0.201000
0.046000
0.010000
0.275000
0.176000
0.046000
0.317000
0.681000
0.034000
0.246000
0.531167
0.028000
0.026000
0.129000
0.189000
0.170333
0.660000
0.080000
0.049000
0.248000
0.000000
0.360000
0.058000
0.578167
0.098000
0.004000
0.061333
0.061000
0.352000
0.142000
0.217000
0.192000
0.380000
0.150000
0.011000
0.226000
0.098000
0.184000
0.042000
0.018000
0.138667
0.109000
0.114667
0.096000
0.184000
0.026500
0.085000
0.204000
0.736000
0.185000
0.183000
0.340000
0.196000
0.768000
0.053500
0.654000
0.028000
0.018000
0.046000
0.002000
0.575000
0.431667
0.542500
0.082000
0.026000
0.232000
0.558000
0.030000
0.178000
0.130000
0.052000
0.036000
0.042000
0.054000
0.284000
0.716000
0.071000
0.232000
0.089000
0.002000
0.034000
0.262000
0.066000
0.598000
0.748000
0.122000
0.260667
0.292667
0.320000
0.024000
0.095000
0.196000
0.008000
0.798000
0.243333
0.542667
0.441000
0.072000
0.616667
0.144200
0.191500
0.256000
0.288333
0.154000
0.464000
0.110000
0.132000
0.050000
0.145000
0.070000
0.307556
0.690000
0.162000
0.119000
0.673000
0.072000
0.278000
0.010000
0.162000
0.669000
0.673667
0.817000
0.096000
0.060667
0.188000
0.297000
0.016000
0.110000
0.261000
0.151000
0.298000
0.104000
0.168000
0.790000
0.114667
0.196000
0.331667
0.087200
0.496000
0.346000
0.092000
0.399000
0.056000
0.202000
0.557000
0.620000
0.299000
0.641000
0.080000
0.104000
0.295333
0.182000
0.000000
0.087000
0.024000
0.148000
0.742000
0.590167
0.102500
0.000000
0.100000
0.027000
0.430000
0.074000
0.089000
0.269000
0.299000
0.059000
0.340000
0.251000
0.132000
0.000000
0.054000
0.081000
0.006000
0.149000
0.053000
0.432000
0.030000
0.210000
0.062000
0.047500
0.154667
0.200000
0.020000
0.786000
0.434000
0.768000
0.002000
0.368000
0.466000
0.102000
0.044000
0.151000
0.351333
0.000000
0.261000
0.720000
0.498000
0.374000
0.020000
0.769000
0.636000
0.118000
0.178000
0.755000
0.010000
0.000000
0.068500
0.002000
0.342000
0.124000
0.167000
0.018000
0.372000
0.269000
0.000000
0.002000
0.110000
0.369000
0.267000
0.144000
0.623000
0.092000
0.093000
0.330000
0.128000
0.313667
0.050000
0.347500
0.217667
0.746667
0.578333
0.176000
0.150000
0.348000
0.174000
0.186000
0.304000
0.246000
0.268667
0.195000
0.164000
0.197000
0.634000
0.295000
0.217000
0.351333
0.085000
0.250333
0.706000
0.000000
0.565000
0.004000
0.070000
0.008000
0.000000
0.069000
0.059000
0.216000
0.010000
0.026000
0.096000
0.105000
0.081667
0.056000
0.532000
0.118000
0.692000
0.018800
0.132667
0.356000
0.034000
0.070000
0.112000
0.041000
0.157000
0.531667
0.154000
0.322000
0.338333
0.043000
0.170667
0.057000
0.018000
0.282667
0.335000
0.174000
0.042000
0.629000
0.136000
0.250000
0.184000
0.760000
0.198500
0.578000
0.327200
0.164000
0.186000
0.639000
0.496000
0.014000
0.417000
0.208000
0.544667
0.210000
0.117000
0.100000
0.253000
0.206000
0.064667
0.514000
0.066000
0.744000
0.242000
0.348000
0.222000
0.098000
0.160000
0.514667
0.328200
0.204000
0.367600
0.254000
0.336000
0.370667
0.302667
0.768000
0.644667
0.114000
0.852000
0.498000
0.257000
0.004000
0.085000
0.043000
0.691000
0.092000
0.641000
0.271000
0.690000
0.520000
0.604000
0.100000
0.484500
0.002000
0.084000
0.396000
0.036000
0.133000
0.010000
0.091000
0.187000
0.277500
0.196667
0.018000
0.134000
0.104000
0.246667
0.170000
0.104000
0.030000
0.791000
0.480000
0.748000
0.092000
0.177000
0.187000
0.176000
0.036000
0.529667
0.232000
0.219333
0.618000
0.230000
0.516667
0.097000
0.018000
0.030667
0.557333
0.166000
0.148000
0.109667
0.339000
0.702667
0.389000
0.192000
0.666000
0.304667
0.012000
0.332000
0.032000
0.171000
0.350000
0.148667
0.052000
0.126000
0.022000
0.685000
0.436000
0.066000
0.733000
0.292667
0.429000
0.187000
0.228000
0.164000
0.014000
0.016000
0.010667
0.049000
0.253000
0.026000
0.060000
0.000000
0.066000
0.260000
0.016000
0.732000
0.617000
0.109000
0.471000
0.346000
0.502000
0.430667
0.146000
0.121000
0.386000
0.058667
0.437000
0.292000
0.746000
0.024000
0.782000
0.006000
0.012000
0.020000
0.227333
0.122000
0.783333
0.028000
0.282000
0.155000
0.028000
0.058000
0.192000
0.108000
0.198000
0.673333
0.090000
0.364000
0.030000
0.339000
0.254000
0.230667
0.135333
0.267000
0.630000
0.360000
0.223000
0.316000
0.044000
0.280500
0.387333
0.151667
0.143000
0.106000
0.065000
0.238667
0.050000
0.052333
0.002000
0.094000
0.241000
0.243833
0.248000
0.649000
0.000000
0.100500
0.511500
0.078000
0.789000
0.689000
0.668000
0.090000
0.198000
0.495000
0.212000
0.728667
0.186000
0.110500
0.602000
0.575000
0.192667
0.686667
0.100000
0.740000
0.268000
0.376667
0.256000
0.141333
0.006000
0.260000
0.010000
0.071667
0.680000
0.580000
0.060000
0.110000
0.158000
0.046000
0.174000
0.620000
0.333167
0.102000
0.012000
0.076667
0.457333
0.097000
0.042000
0.048000
0.711000
0.158000
0.716000
0.094000
0.070000
0.197000
0.201333
0.186000
0.128000
0.700000
0.074000
0.526000
0.008000
0.161000
0.026000
0.698000
0.265000
0.216000
0.349000
0.046000
0.670000
0.797000
0.016000
0.012000
0.130000
0.572000
0.106000
0.543000
0.076000
0.064000
0.227000
0.252667
0.461333
0.093500
0.342000
0.710000
0.314000
0.062000
0.012000
0.194000
0.002000
0.006000
0.245000
0.236000
0.716000
0.161000
0.699000
0.108000
0.018000
0.034000
0.017000
0.202000
0.434667
0.040000
0.098333
0.010000
0.072000
0.343500
0.807000
0.546000
0.206000
0.016000
0.397000
0.036000
0.066000
0.102000
0.025000
0.098000
0.123000
0.165000
0.310000
0.107000
0.258333
0.067000
0.096000
0.003333
0.022000
0.016000
0.008000
0.050000
0.004000
0.008000
0.399667
0.124000
0.310000
0.336000
0.065000
0.212000
0.045500
0.189667
0.123000
0.027000
0.006000
0.092000
0.562000
0.097000
0.040000
0.711000
0.062667
0.712000
0.251000
0.392000
0.100000
0.102000
0.014000
0.557000
0.282000
0.524000
0.058000
0.664000
0.567000
0.596000
0.006000
0.590000
0.182000
0.684000
0.033000
0.119000
0.463000
0.064000
0.050000
0.027000
0.002000
0.652000
0.093667
0.115000
0.064000
0.578000
0.160000
0.026000
0.121000
0.004000
0.051000
0.756000
0.000000
0.006000
0.210000
0.000667
0.101000
0.762000
0.190000
0.000000
0.158667
0.038000
0.254000
0.461000
0.112000
0.024000
0.000000
0.288000
0.030000
0.126000
0.170000
0.075000
0.028000
0.010000
0.061667
0.015000
0.109000
0.174500
0.139000
0.054000
0.140000
0.139667
0.060000
0.328000
0.092000
0.306000
0.041000
0.127667
0.004000
0.016000
0.052000
0.002000
0.692000
0.118667
0.707000
0.200000
0.014000
0.806000
0.036000
0.154000
0.060000
0.109000
0.130000
0.250333
0.194000
0.042000
0.274000
0.002000
0.176000
0.114400
0.038000
0.058000
0.292000
0.477000
0.036000
0.087000
0.150000
0.010000
0.159000
0.188000
0.142667
0.009000
0.720000
0.102000
0.272667
0.166667
0.014000
0.253000
0.246000
0.064000
0.518000
0.220000
0.176000
0.086000
0.748000
0.000000
0.041000
0.342000
0.812000
0.180000
0.028000
0.603000
0.166000
0.368667
0.045167
0.000000
0.396000
0.012000
0.349667
0.221000
0.154222
0.700667
0.134000
0.008000
0.012000
0.034000
0.020000
0.128000
0.090000
0.116000
0.162000
0.000000
0.024000
0.028000
0.222000
0.222133
0.034000
0.253000
0.002000
0.097000
0.119000
0.180000
0.374000
0.038000
0.013000
0.020000
0.615000
0.022000
0.058000
0.057000
0.153000
0.426000
0.101000
0.261000
0.311000
0.181500
0.260000
0.266000
0.070000
0.806000
0.718000
0.002000
0.002000
0.722000
0.702000
0.059000
0.094000
0.124000
0.153333
0.075000
0.317533
0.395000
0.012000
0.062000
0.316000
0.520000
0.175000
0.350667
0.314000
0.027500
0.084000
0.062667
0.177500
0.226000
0.022667
0.096000
0.326833
0.128000
0.181000
0.024000
0.043000
0.546000
0.270000
0.194667
0.000000
0.764000
0.619000
0.622000
0.425000
0.041000
0.497000
0.720000
0.300000
0.210000
0.024000
0.414667
0.143000
0.266000
0.050000
0.323000
0.118000
0.013000
0.652000
0.288000
0.108000
0.052000
0.325000
0.026000
0.243000
0.006000
0.690000
0.603000
0.108000
0.135333
0.307000
0.308500
0.293000
0.227000
0.583000
0.553000
0.292000
0.012000
0.221667
0.221333
0.024667
0.249500
0.688667
0.138000
0.138000
0.163000
0.348000
0.004000
0.393000
0.760000
0.622500
0.478000
0.686667
0.089000
0.134000
0.064000
0.212000
0.092000
0.758000
0.358000
0.008000
0.066333
0.370000
0.342000
0.570000
0.641333
0.112000
0.244667
0.244000
0.196000
0.006000
0.078000
0.140000
0.129000
0.080000
0.218333
0.620000
0.310733
0.223000
0.026000
0.004000
0.196000
0.187000
0.094000
0.046000
0.614000
0.114000
0.762000
0.458333
0.113000
0.026000
0.247000
0.183667
0.744667
0.264000
0.195333
0.724000
0.332667
0.015000
0.024000
0.755000
0.132000
0.667000
0.016000
0.192000
0.230000
0.017000
0.132000
0.052000
0.060667
0.321667
0.137000
0.028000
0.014000
0.060000
0.142000
0.325333
0.234000
0.047000
0.652000
0.008000
0.000000
0.557000
0.054000
0.166000
0.000000
0.236000
0.035667
0.179000
0.725000
0.090500
0.014000
0.028000
0.710000
0.039000
0.040667
0.695000
0.034000
0.116000
0.016000
0.107000
0.099333
0.498000
0.807000
0.115167
0.092000
0.336400
0.020000
0.279000
0.510000
0.043333
0.002000
0.402000
0.030000
0.134000
0.239000
0.330000
0.446000
0.566000
0.434000
0.014000
0.248000
0.204000
0.018000
0.083000
0.267667
0.022000
0.311000
0.141000
0.661000
0.066000
0.022000
0.314000
0.382333
0.155333
0.639000
0.416000
0.454667
0.068000
0.446000
0.166000
0.553000
0.048000
0.164667
0.624000
0.050000
0.702000
0.394000
0.703000
0.158000
0.062000
0.110000
0.636000
0.135000
0.680000
0.633333
0.419000
0.056000
0.160000
0.000000
0.060000
0.082000
0.063333
0.202000
0.826000
0.102000
0.491000
0.097000
0.225000
0.000000
0.381000
0.066000
0.343000
0.164000
0.006000
0.054000
0.586000
0.362000
0.072000
0.730000
0.711000
0.053000
0.094000
0.257000
0.130000
0.535000
0.184000
0.082500
0.211000
0.086000
0.012000
0.423333
0.182000
0.006000
0.185000
0.131000
0.162400
0.027000
0.018000
0.012000
0.034000
0.135000
0.076000
0.032000
0.048000
0.069000
0.039000
0.321333
0.040000
0.721667
0.750000
0.056000
0.121000
0.660000
0.016000
0.538000
0.343000
0.206000
0.269000
0.017000
0.233000
0.124000
0.074500
0.762000
0.412000
0.112000
0.560000
0.113667
0.328500
0.744000
0.623000
0.656833
0.672000
0.319000
0.000000
0.040000
0.465000
0.094500
0.056000
0.674000
0.506000
0.180000
0.040000
0.147000
0.131667
0.078000
0.066000
0.015000
0.074000
0.039000
0.076000
0.423333
0.146000
0.078000
0.004000
0.014000
0.209000
0.197000
0.355000
0.608000
0.139000
0.090000
0.258556
0.424000
0.077333
0.332000
0.072000
0.186000
0.082000
0.008000
0.786000
0.064000
0.004000
0.138000
0.183000
0.080000
0.076000
0.754000
0.080000
0.169000
0.418667
0.464000
0.403000
0.072000
0.246000
0.150000
0.005000
0.171000
0.108000
0.111000
0.559000
0.397500
0.293167
0.142000
0.279000
0.201333
0.050000
0.400000
0.300000
0.263333
0.142000
0.117000
0.816000
0.776000
0.477667
0.046000
0.286000
0.000000
0.008000
0.818000
0.257000
0.264000
0.702000
0.044000
0.034000
0.162000
0.028000
0.014667
0.082000
0.137333
0.083000
0.622000
0.042667
0.072000
0.194000
0.332000
0.192000
0.506333
0.045000
0.334000
0.010000
0.116000
0.340000
0.473000
0.622000
0.000000
0.071000
0.221667
0.016000
0.098000
0.384667
0.760000
0.012000
0.058000
0.191333
0.191000
0.349000
0.654000
0.786000
0.002000
0.042000
0.075000
0.114000
0.001000
0.010000
0.251000
0.254000
0.050000
0.559000
0.019333
0.012000
0.240000
0.259000
0.419000
0.872000
0.016000
0.016000
0.104000
0.153000
0.725500
0.544000
0.682000
0.484000
0.198000
0.175500
0.052000
0.653333
0.366000
0.000000
0.002000
0.264000
0.279333
0.721000
0.064000
0.300000
0.267000
0.318000
0.026000
0.706000
0.539000
0.210000
0.036667
0.002000
0.460000
0.265000
0.050000
0.112500
0.094667
0.184000
0.648000
0.008000
0.434000
0.034000
0.020000
0.038000
0.330000
0.130000
0.000000
0.743000
0.124000
0.542667
0.378000
0.011000
0.041000
0.368000
0.822000
0.259000
0.221333
0.164000
0.175000
0.052000
0.390000
0.231000
0.336000
0.028000
0.043000
0.359000
0.424333
0.010667
0.022000
0.226000
0.148000
0.256000
0.082000
0.114000
0.254000
0.036000
0.140000
0.470667
0.410000
0.741000
0.291333
0.357000
0.106000
0.405000
0.174667
0.294000
0.042000
0.187200
0.310000
0.023000
0.078000
0.009667
0.500000
0.075500
0.246000
0.417667
0.794500
0.084000
0.032000
0.156500
0.194000
0.618000
0.322000
0.058000
0.373667
0.040000
0.144000
0.282000
0.716000
0.689500
0.027500
0.222333
0.000000
0.066000
0.029000
0.220333
0.677000
0.018000
0.742000
0.766000
0.032000
0.312667
0.348000
0.016667
0.818000
0.650000
0.442000
0.106000
0.379000
0.453000
0.372000
0.004000
0.226000
0.002000
0.217867
0.396667
0.550000
0.027000
0.105333
0.503000
0.324000
0.202000
0.478000
0.060000
0.287000
0.605000
0.124000
0.024000
0.714000
0.069000
0.398000
0.019000
0.039000
0.732000
0.086000
0.066500
0.278000
0.246667
0.816000
0.246000
0.625000
0.006000
0.048667
0.000000
0.113000
0.832000
0.291500
0.129000
0.168000
0.111000
0.279000
0.284000
0.020000
0.552000
0.015333
0.231000
0.143400
0.002000
0.736000
0.174000
0.541000
0.324667
0.041500
0.105000
0.122000
0.039000
0.102000
0.099000
0.072000
0.134000
0.642000
0.252000
0.107000
0.010000
0.491000
0.463000
0.301000
0.271667
0.100000
0.539000
0.038000
0.096000
0.044000
0.412000
0.183000
0.627000
0.075000
0.090000
0.037000
0.101000
0.186000
0.148000
0.081333
0.016000
0.786000
0.176000
0.097833
0.650000
0.728000
0.206000
0.017000
0.137667
0.089000
0.098000
0.002000
0.070000
0.785000
0.000000
0.650000
0.042667
0.008000
0.258000
0.196000
0.562000
0.064000
0.051000
0.160667
0.289100
0.752000
0.804000
0.384000
0.055000
0.663000
0.616000
0.220000
0.010000
0.099667
0.093000
0.006000
0.236000
0.087000
0.004000
0.071333
0.051000
0.053000
0.430000
0.022000
0.201667
0.645000
0.562000
0.058000
0.402000
0.128000
0.370000
0.134556
0.741000
0.156000
0.228000
0.581000
0.004000
0.146000
0.206000
0.549000
0.000000
0.459333
0.720000
0.054000
0.806000
0.190000
0.136333
0.081000
0.624000
0.096000
0.347333
0.246000
