0.524667
0.413000
0.033000
0.161000
0.081667
0.002000
0.010222
0.212000
0.008000
0.567000
0.108000
0.085000
0.153000
0.322000
0.156000
0.024000
0.277000
0.407667
0.487000
0.343700
0.013000
0.006000
0.260000
0.338000
0.070333
0.607000
0.681667
0.680000
0.029000
0.102400
0.206667
0.008000
0.054000
0.645000
0.300600
0.272900
0.199000
0.121000
0.786000
0.000667
0.019000
0.076000
0.062000
0.309667
0.086333
0.007000
0.112000
0.198000
0.126000
0.409000
0.064000
0.020000
0.369000
0.067000
0.050000
0.047000
0.247667
0.454000
0.144000
0.078000
0.669000
0.097000
0.476667
0.773000
0.754000
0.000000
0.151000
0.370333
0.094667
0.644000
0.010000
0.078000
0.004000
0.064000
0.036000
0.353000
0.073000
0.736000
0.083000
0.156000
0.225000
0.072000
0.236000
0.077000
0.014000
0.664000
0.616000
0.473333
0.375333
0.039000
0.132000
0.503000
0.030000
0.066400
0.174000
0.564333
0.080000
0.347000
0.032500
0.042000
0.382000
0.018000
0.243667
0.178667
0.023667
0.417333
0.129667
0.580000
0.410000
0.714667
0.726000
0.279333
0.076000
0.319000
0.645000
0.187000
0.319667
0.229667
0.059000
0.040667
0.723000
0.023000
0.030000
0.172000
0.209000
0.045000
0.367000
0.285667
0.657000
0.030000
0.236500
0.307333
0.096000
0.010000
0.179500
0.028000
0.375333
0.095333
0.616667
0.000000
0.641000
0.412000
0.036000
0.074667
0.315000
0.346667
0.666000
0.163000
0.244000
0.052000
0.161000
0.311000
0.384000
0.030500
0.050000
0.042333
0.014000
0.227000
0.119000
0.065333
0.024000
0.288000
0.321000
0.010000
0.034000
0.265200
0.001000
0.058667
0.078000
0.168000
0.123000
0.081000
0.747000
0.008000
0.275000
0.000000
0.004000
0.150000
0.769000
0.046000
0.296000
0.022000
0.058000
0.770000
0.088000
0.271000
0.239000
0.442000
0.480000
0.189000
0.159000
0.355000
0.163000
0.138000
0.152333
0.197000
0.018667
0.131000
0.627000
0.259871
0.539000
0.158000
0.650333
0.048000
0.229333
0.086000
0.828667
0.072000
0.837000
0.244667
0.145500
0.611000
0.002000
0.178000
0.018000
0.151000
0.124000
0.555667
0.050000
0.213000
0.234000
0.012000
0.641000
0.600333
0.253000
0.004000
0.218000
0.061000
0.088000
0.182000
0.135000
0.757000
0.170000
0.248000
0.179000
0.074800
0.210000
0.079000
0.012000
0.026000
0.162000
0.244000
0.267000
0.202667
0.091000
0.102000
0.532000
0.198167
0.148000
0.359000
0.187667
0.780667
0.176000
0.221333
0.082000
0.360000
0.024000
0.047000
0.660067
0.082000
0.281000
0.008000
0.002000
0.102000
0.100000
0.004000
0.068000
0.060000
0.817000
0.010000
0.318500
0.012000
0.618000
0.059000
0.002000
0.122000
0.733000
0.042000
0.006000
0.506000
0.113000
0.020000
0.522000
0.704000
0.012000
0.437000
0.269400
0.040000
0.703000
0.044000
0.130000
0.190500
0.377000
0.112000
0.292167
0.310000
0.034000
0.228000
0.124000
0.046000
0.204000
0.084000
0.082000
0.122000
0.154000
0.010000
0.110333
0.110000
0.526000
0.458667
0.498000
0.054000
0.706500
0.455000
0.203000
0.006000
0.190000
0.440000
0.267000
0.066000
0.010000
0.122000
0.020000
0.836000
0.291667
0.131500
0.130000
0.264000
0.119833
0.284000
0.002000
0.028000
0.000000
0.196600
0.441000
0.330333
0.629000
0.075000
0.199333
0.072000
0.066000
0.352000
0.342000
0.836000
0.609000
0.058000
0.184000
0.013000
0.080000
0.008000
0.168000
0.054667
0.511000
0.353000
0.729000
0.019000
0.321667
0.685400
0.139000
0.055000
0.064000
0.748000
0.046000
0.726000
0.302000
0.020000
0.143000
0.046000
0.052000
0.426067
0.085000
0.316000
0.702000
0.376000
0.182000
0.075000
0.379000
0.402000
0.133333
0.124800
0.178333
0.018000
0.509333
0.708000
0.105000
0.258000
0.000000
0.000000
0.004000
0.023200
0.794000
0.054000
0.306667
0.278667
0.345000
0.020000
0.358000
0.248000
0.104000
0.081000
0.491000
0.140000
0.010000
0.448333
0.028000
0.395667
0.152000
0.000000
0.028000
0.268000
0.118000
0.383000
0.040000
0.166000
0.108367
0.084000
0.516000
0.463000
0.060000
0.469000
0.294000
0.094000
0.373333
0.074000
0.010000
0.056000
0.054000
0.020000
0.129400
0.020000
0.072667
0.024000
0.018000
0.235000
0.580000
0.363000
0.337833
0.006000
0.006000
0.024000
0.082000
0.026000
0.288000
0.054000
0.080000
0.345000
0.526000
0.362000
0.022667
0.723000
0.006000
0.004000
0.026000
0.032000
0.804000
0.316667
0.150000
0.165000
0.204000
0.279167
0.063000
0.094000
0.281000
0.114000
0.148000
0.548000
0.339000
0.166500
0.087667
0.118000
0.370000
0.755000
0.138000
0.065000
0.358333
0.159000
0.548000
0.433667
0.000000
0.684000
0.064000
0.034400
0.779333
0.182000
0.344000
0.348000
0.689000
0.002000
0.748000
0.062000
0.760000
0.064000
0.115000
0.516000
0.279000
0.014000
0.026000
0.443000
0.099000
0.058667
0.175000
0.335500
0.164000
0.006000
0.282000
0.066000
0.346000
0.072000
0.606000
0.084000
0.051667
0.526000
0.183000
0.086000
0.229500
0.036667
0.104000
0.365667
0.405000
0.085000
0.858000
0.058000
0.233333
0.066000
0.614000
0.206000
0.024222
0.242667
0.385700
0.068000
0.212000
0.194000
0.299000
0.000000
0.625000
0.350000
0.530333
0.788000
0.640000
0.002000
0.017167
0.109000
0.093000
0.235000
0.547000
0.074000
0.318000
0.101000
0.743333
0.660000
0.219000
0.197000
0.833400
0.042000
0.302500
0.490000
0.006000
0.063000
0.767000
0.095667
0.033000
0.263000
0.002000
0.453667
0.120000
0.028000
0.391000
0.083000
0.296000
0.148000
0.068000
0.026000
0.083000
0.215000
0.065333
0.336000
0.094667
0.002000
0.575000
0.111000
0.690000
0.134000
0.036000
0.589000
0.100000
0.165000
0.058000
0.814000
0.526667
0.148000
0.006000
0.040000
0.173571
0.714000
0.301571
0.325000
0.196000
0.451333
0.002000
0.165333
0.020000
0.120000
0.118000
0.164000
0.073000
0.045000
0.022000
0.148500
0.570000
0.083000
0.429000
0.072000
0.047000
0.010000
0.404000
0.042000
0.178000
0.087167
0.466000
0.111000
0.080000
0.016000
0.692000
0.517000
0.329000
0.225000
0.413000
0.682333
0.101000
0.089000
0.117000
0.016000
0.134500
0.164000
0.499000
0.227000
0.636000
0.698000
0.030000
0.128000
0.050000
0.462333
0.036000
0.601000
0.423000
0.320000
0.392000
0.750000
0.096333
0.050000
0.326000
0.068000
0.383667
0.000000
0.011000
0.104000
0.000000
0.077667
0.144000
0.778667
0.451000
0.134000
0.160000
0.216400
0.375000
0.465000
0.011500
0.342000
0.718000
0.054000
0.611333
0.647000
0.000000
0.173667
0.112000
0.870000
0.301667
0.050000
0.012000
0.393000
0.417000
0.058000
0.097000
0.024667
0.024000
0.002000
0.225000
0.712667
0.075000
0.088000
0.000000
0.066000
0.556333
0.402000
0.010000
0.552000
0.637667
0.016000
0.433667
0.147000
0.032333
0.746000
0.075333
0.032000
0.109000
0.046000
0.093500
0.093333
0.160333
0.728000
0.124000
0.143333
0.746000
0.002000
0.000000
0.723667
0.308000
0.116500
0.373333
0.052000
0.027000
0.057667
0.200667
0.315000
0.122000
0.048000
0.472000
0.048000
0.389000
0.208667
0.040000
0.018000
0.337000
0.516000
0.082000
0.012000
0.315000
0.170000
0.267200
0.016000
0.020000
0.286000
0.032000
0.018000
0.271000
0.006000
0.014000
0.539333
0.008000
0.682000
0.641000
0.176000
0.488000
0.446667
0.027000
0.004667
0.031000
0.073000
0.254000
0.315000
0.564000
0.682000
0.001000
0.556333
0.718000
0.090000
0.002000
0.042000
0.157000
0.649833
0.082000
0.448000
0.160333
0.324000
0.104400
0.166000
0.034000
0.514000
0.017000
0.006000
0.596000
0.137000
0.576000
0.479333
0.020000
0.036500
0.054000
0.000000
0.412667
0.100000
0.022000
0.117000
0.124000
0.533000
0.767000
0.122000
0.580000
0.033000
0.022000
0.080000
0.164667
0.455000
0.160500
0.193667
0.613333
0.424667
0.004000
0.736500
0.000000
0.078000
0.035000
0.227500
0.050000
0.002000
0.548000
0.115000
0.463000
0.002000
0.078000
0.050000
0.766000
0.028000
0.192000
0.124667
0.369000
0.166667
0.267000
0.022000
0.136000
0.121000
0.163467
0.296000
0.021667
0.215000
0.166200
0.156000
0.681000
0.327000
0.093333
0.410167
0.022000
0.010000
0.070000
0.186000
0.146833
0.300333
0.184000
0.045000
0.325000
0.502000
0.084000
0.006000
0.151000
0.173800
0.217500
0.072000
0.690000
0.383400
0.458000
0.020000
0.255000
0.301333
0.126667
0.022000
0.162000
0.122000
0.171000
0.036500
0.051000
0.133667
0.088000
0.163000
0.004000
0.000000
0.062000
0.616667
0.208000
0.612000
0.006000
0.616000
0.002000
0.586000
0.329000
0.302500
0.042000
0.387000
0.123000
0.061000
0.217200
0.245000
0.168000
0.114667
0.010000
0.142000
0.315000
0.297500
0.591333
0.006000
0.002000
0.145000
0.742000
0.006000
0.182000
0.008000
0.058667
0.022000
0.000000
0.684667
0.426000
0.028000
0.226000
0.150000
0.028000
0.125000
0.131500
0.292000
0.595000
0.072000
0.493333
0.118000
0.064667
0.043000
0.670000
0.025500
0.778000
0.523333
0.188000
0.016000
0.327333
0.016000
0.274533
0.074000
0.484000
0.110000
0.121000
0.010000
0.130000
0.657500
0.056000
0.172000
0.401000
0.030571
0.176000
0.595400
0.082000
0.005000
0.275667
0.070000
0.461500
0.016000
0.688000
0.207000
0.169000
0.293000
0.026000
0.069000
0.071000
0.016000
0.176000
0.751333
0.312000
0.704000
0.200000
0.110000
0.029333
0.690000
0.132000
0.060000
0.123400
0.045000
0.290000
0.562333
0.590000
0.108000
0.056000
0.427000
0.362000
0.152000
0.691000
0.123500
0.028500
0.148000
0.204000
0.091000
0.099000
0.418000
0.362000
0.238000
0.171000
0.043000
0.130000
0.059000
0.539167
0.010000
0.056000
0.527333
0.030000
0.000000
0.552000
0.054000
0.602000
0.056667
0.000000
0.004000
0.243667
0.078000
0.006000
0.396500
0.679000
0.098000
0.742400
0.825000
0.204000
0.222000
0.055000
0.332000
0.034000
0.052667
0.106667
0.413667
0.260000
0.030000
0.141000
0.095000
0.618000
0.031000
0.194500
0.034000
0.098000
0.213667
0.067000
0.760000
0.321500
0.046667
0.004000
0.768667
0.070667
0.178000
0.295000
0.130000
0.119000
0.096000
0.713000
0.012000
0.082000
0.227000
0.738000
0.004000
0.273000
0.024000
0.010000
0.040000
0.142000
0.094000
0.070000
0.020000
0.702000
0.092000
0.246500
0.144000
0.110000
0.046000
0.752000
0.390000
0.111000
0.014000
0.040000
0.574533
0.138000
0.306000
0.533000
0.094000
0.002000
0.018000
0.113000
0.024000
0.656000
0.301333
0.503000
0.044000
0.110000
0.054000
0.527000
0.738000
0.584000
0.156000
0.056000
0.507000
0.815667
0.090000
0.211000
0.000000
0.130000
0.130000
0.065000
0.338000
0.335333
0.696000
0.256000
0.163000
0.054000
0.663333
0.191000
0.179000
0.692000
0.261000
0.587667
0.784000
0.084000
0.010000
0.043000
0.683000
0.121833
0.256667
0.748000
0.038000
0.044000
0.103000
0.167000
0.792000
0.682667
0.102000
0.720000
0.124000
0.151000
0.088000
0.142000
0.088000
0.707000
0.124000
0.523667
0.031000
0.402000
0.350500
0.676000
0.449333
0.008000
0.034000
0.820000
0.296000
0.150000
0.086000
0.710000
0.042667
0.219500
0.314000
0.217000
0.194000
0.042667
0.334000
0.074000
0.030000
0.196000
0.152000
0.782333
0.058000
0.477500
0.376333
0.126000
0.602500
0.108000
0.854000
0.578000
0.109000
0.156000
0.686000
0.225333
0.049000
0.365000
0.622000
0.000000
0.168000
0.350000
0.070000
0.018000
0.800000
0.151667
0.032000
0.270800
0.052000
0.261000
0.008000
0.156000
0.088000
0.060000
0.744000
0.164000
0.180000
0.140500
0.738000
0.196667
0.066000
0.193800
0.002000
0.253667
0.418500
0.008000
0.660000
0.020000
0.125000
0.380000
0.004000
0.215000
0.277000
0.301000
0.194000
0.014000
0.328000
0.127000
0.080000
0.093000
0.739333
0.073000
0.309000
0.002000
0.232000
0.054000
0.064000
0.166000
0.152000
0.021000
0.146000
0.112000
0.026500
0.124000
0.024000
0.214000
0.607000
0.040333
0.757000
0.143000
0.177000
0.108000
0.050000
0.119667
0.339000
0.069667
0.000000
0.020667
0.014000
0.018000
0.091000
0.361000
0.069400
0.014000
0.732000
0.472000
0.256000
0.683000
0.096000
0.052000
0.536000
0.035000
0.042000
0.000000
0.032000
0.650000
0.315667
0.014000
0.042000
0.523500
0.143000
0.004000
0.115000
0.048000
0.000000
0.035000
0.090667
0.064000
0.028500
0.234000
0.389000
0.301000
0.620000
0.782000
0.131333
0.029000
0.012000
0.572000
0.041000
0.089333
0.168000
0.206000
0.112800
0.070000
0.056000
0.229000
0.178667
0.122000
0.000000
0.218000
0.241000
0.657000
0.029000
0.333000
0.082000
0.022000
0.093000
0.044667
0.146300
0.068000
0.067000
0.146000
0.066000
0.162000
0.110000
0.140000
0.002000
0.326000
0.026000
0.692000
0.582000
0.712000
0.284667
0.098000
0.104667
0.158000
0.427000
0.006000
0.436667
0.399000
0.036000
0.393000
0.756000
0.090000
0.250667
0.223000
0.326000
0.027000
0.356667
0.726000
0.119000
0.161400
0.666000
0.194000
0.058667
0.014000
0.199667
0.707000
0.048000
0.092000
0.316000
0.246667
0.355000
0.710000
0.213400
0.224000
0.124000
0.080000
0.624000
0.023000
0.004000
0.126000
0.348067
0.355000
0.023667
0.113571
0.170000
0.244000
0.477400
0.530000
0.099000
0.230000
0.742000
0.162000
0.160000
0.103000
0.240333
0.444000
0.000000
0.625000
0.014000
0.038000
0.060000
0.411000
0.362000
0.103000
0.051000
0.283000
0.175000
0.144667
0.204000
0.173000
0.076000
0.147000
0.144000
0.748000
0.403000
0.118000
0.253000
0.047000
0.008000
0.156667
0.138000
0.148000
0.414000
0.588000
0.016000
0.193000
0.059000
0.716000
0.244333
0.485000
0.295133
0.679000
0.019000
0.077000
0.302000
0.143000
0.256800
0.068000
0.710000
0.444000
0.174667
0.086667
0.209000
0.391667
0.125000
0.291667
0.019667
0.161000
0.713000
0.016000
0.290000
0.084000
0.074000
0.579667
0.095000
0.192667
0.132767
0.077667
0.360067
0.022000
0.810000
0.320000
0.052000
0.194000
0.431000
0.014000
0.000000
0.057000
0.010000
0.531000
0.543000
0.371000
0.200667
0.690000
0.000000
0.162867
0.524000
0.464667
0.256000
0.063000
0.059000
0.317667
0.243000
0.482000
0.096000
0.240000
0.165000
0.422200
0.122000
0.545000
0.210000
0.020000
0.002000
0.030000
0.066000
0.006000
0.073000
0.043000
0.046000
0.121333
0.666000
0.064000
0.006000
0.010667
0.528000
0.060000
0.050000
0.108667
0.283333
0.208000
0.020000
0.041333
0.160000
0.006000
0.120667
0.601000
0.058000
0.364000
0.599000
0.004500
0.322000
0.025000
0.092000
0.335000
0.270000
0.091667
0.008000
0.006000
0.041000
0.150667
0.872000
0.215000
0.618000
0.377333
0.169000
0.074333
0.093000
0.286000
0.052000
0.665333
0.215000
0.107500
0.616333
0.083000
0.666000
0.794000
0.352000
0.000000
0.751000
0.022000
0.076000
0.026000
0.521000
0.164000
0.721000
0.171000
0.040000
0.114000
0.740000
0.628000
0.176667
0.714000
0.282000
0.145000
0.000000
0.000000
0.429333
0.399333
0.098000
0.052500
0.049000
0.000500
0.192000
0.044000
0.088000
0.018000
0.313167
0.701000
0.220000
0.130000
0.088000
0.661000
0.171333
0.074000
0.117667
0.210000
0.004000
0.077000
0.281000
0.078000
0.167000
0.241333
0.191667
0.327000
0.163000
0.136000
0.061000
0.145333
0.119333
0.184000
0.008000
0.262000
0.043000
0.180000
0.193000
0.223667
0.228333
0.355000
0.010000
0.026000
0.499000
0.180000
0.320000
0.207133
0.112000
0.000000
0.318333
0.038000
0.078000
0.067000
0.737000
0.127000
0.136000
0.196667
0.120000
0.420000
0.411000
0.736000
0.040000
0.114000
0.703000
0.558333
0.040000
0.184000
0.393333
0.141000
0.201000
0.255200
0.486000
0.678000
0.486333
0.446000
0.038000
0.120000
0.108000
0.108000
0.025000
0.011000
0.441500
0.479000
0.182000
0.079667
0.477667
0.110000
0.630667
0.043000
0.519000
0.164667
0.056000
0.287000
0.200000
0.194233
0.773000
0.010000
0.176000
0.314000
0.068000
0.770000
0.089000
0.613333
0.345000
0.348000
0.597000
0.101667
0.000000
0.024000
0.015000
0.095000
0.670667
0.072000
0.287000
0.072500
0.076000
0.040000
0.476667
0.712000
0.383000
0.608000
0.014000
0.178000
0.031667
0.189000
0.183000
0.020000
0.131333
0.377000
0.042000
0.755667
0.059000
0.090222
0.130000
0.102000
0.560000
0.050000
0.832500
0.666000
0.018000
0.082000
0.194000
0.006000
0.316000
0.126667
0.054000
0.191000
0.193533
0.060000
0.014500
0.016000
0.366833
0.267000
0.432200
0.606000
0.375000
0.547400
0.140000
0.303333
0.073000
0.229000
0.232000
0.052000
0.429000
0.057000
0.149500
0.478000
0.039167
0.717000
0.315500
0.599667
0.062222
0.329000
0.275000
0.206000
0.002000
0.056000
0.806000
0.175000
0.189400
0.030000
0.030000
0.022000
0.034000
0.073000
0.000000
0.535333
0.242000
0.175000
0.225500
0.690000
0.318500
0.227000
0.442000
0.576667
0.467000
0.014667
0.636000
0.059000
0.016000
0.010000
0.048533
0.002500
0.588333
0.334000
0.644000
0.250000
0.705667
0.543000
0.228000
0.190000
0.202000
0.234333
0.230000
0.281667
0.230000
0.104000
0.722333
0.612667
0.842000
0.011000
0.090000
0.217000
0.536000
0.100667
0.130000
0.044000
0.187000
0.595000
0.220000
0.154667
0.132000
0.605000
0.787000
0.191000
0.197333
0.067000
0.098000
0.390333
0.238067
0.050000
0.061000
0.451000
0.189667
0.142000
0.000000
0.000000
0.414000
0.323000
0.055333
0.419000
0.304000
0.110000
0.261000
0.220000
0.802000
0.022222
0.747000
0.342000
0.434000
0.067333
0.298000
0.000000
0.583000
0.776000
0.166400
0.046000
0.084000
0.155000
0.524000
0.164000
0.016500
0.051000
0.012000
0.004000
0.500000
0.022000
0.377667
0.006000
0.087000
0.049000
0.088000
0.062000
0.767000
0.275000
0.714000
0.004000
0.039000
0.064000
0.104000
0.010000
0.253000
0.141000
0.296000
0.063333
0.282000
0.004000
0.012000
0.080000
0.564500
0.668000
0.752000
0.712000
0.226000
0.192000
0.528000
0.317000
0.617667
0.721000
0.030000
0.842000
0.108000
0.491000
0.630000
0.002000
0.118000
0.099000
0.128000
0.296000
0.074000
0.122000
0.060000
0.002000
0.080400
0.401000
0.313667
0.348400
0.016000
0.070000
0.140000
0.000000
0.138000
0.542333
0.242000
0.740000
0.643000
0.146000
0.194000
0.683000
0.186000
0.707000
0.239000
0.106000
0.002000
0.275000
0.046000
0.594000
0.008000
0.201333
0.071000
0.388000
0.361000
0.055000
0.014000
0.026000
0.678000
0.220000
0.052000
0.449000
0.826000
0.618000
0.599000
0.741000
0.683000
0.192333
0.267000
0.012000
0.816000
0.047000
0.002000
0.050000
0.318000
0.127000
0.692667
0.150000
0.136000
0.290667
0.608000
0.044000
0.164500
0.010000
0.322000
0.094000
0.564000
0.330000
0.175000
0.168000
0.046000
0.062000
0.378000
0.174000
0.046000
0.124667
0.054667
0.062000
0.475000
0.123000
0.019000
0.023000
0.093000
0.182000
0.293000
0.127000
0.672000
0.321000
0.505000
0.223500
0.196000
0.071000
0.354000
0.639000
0.159000
0.328000
0.180000
0.716000
0.287800
0.161000
0.243000
0.136000
0.482000
0.419000
0.023000
0.056000
0.138000
0.579667
0.181667
0.180000
0.441000
0.629000
0.832000
0.163333
0.228000
0.014000
0.074000
0.756000
0.068667
0.551667
0.145500
0.280000
0.389000
0.360000
0.000000
0.524000
0.307400
0.072000
0.040000
0.492000
0.038000
0.503000
0.094000
0.164000
0.134000
0.731000
0.032000
0.605000
0.463000
0.078000
0.302000
0.022000
0.184000
0.722000
0.138000
0.115000
0.019000
0.108000
0.390000
0.010000
0.472000
0.477000
0.078000
0.229000
0.254000
0.266000
0.082000
0.157667
0.018000
0.062000
0.272000
0.051000
0.028000
0.455000
0.583000
0.240000
0.831000
0.014000
0.819000
0.240000
0.058000
0.002000
0.051000
0.586000
0.141667
0.018000
0.038000
0.202000
0.668000
0.202000
0.100000
0.644333
0.171000
0.102000
0.000000
0.227667
0.374667
0.298000
0.054333
0.055000
0.311000
0.006000
0.323000
0.018667
0.285000
0.708000
0.030000
0.441667
0.067000
0.074000
0.119000
0.186000
0.402000
0.748000
0.090000
0.055000
0.032000
0.590667
0.040000
0.132000
0.042000
0.152000
0.146000
0.107000
0.018000
0.791000
0.160000
0.018000
0.483333
0.451167
0.004000
0.592000
0.266000
0.100000
0.619833
0.053000
0.346667
0.736000
0.210000
0.012000
0.531667
0.366000
0.232667
0.066000
0.254000
0.014000
0.210000
0.636000
0.800000
0.588400
0.090000
0.196000
0.286000
0.052000
0.719000
0.100000
0.098667
0.388000
0.782000
0.549667
0.446000
0.174000
0.117000
0.097000
0.106000
0.002000
0.114000
0.122000
0.607000
0.101000
0.524333
0.789000
0.710667
0.408000
0.523800
0.173000
0.432000
0.634000
0.032000
0.188000
0.298500
0.846000
0.118000
0.092333
0.294000
0.229667
0.074000
0.454667
0.305000
0.006000
0.152000
0.237500
0.029667
0.372000
0.146667
0.847000
0.390667
0.714000
0.098000
0.780333
0.075000
0.077000
0.252000
0.364000
0.702000
0.212000
0.012000
0.463000
0.070000
0.112000
0.097000
0.159000
0.289400
0.515500
0.221000
0.135000
0.592667
0.094667
0.268000
0.020000
0.428000
0.614000
0.016000
0.165333
0.144667
0.153000
0.659667
0.061000
0.189000
0.166000
0.452000
0.012667
0.243667
0.698000
0.697000
0.320667
0.062000
0.087000
0.014000
0.008000
0.622000
0.188000
0.604000
0.071000
0.308000
0.058000
0.500333
0.213000
0.731000
0.050000
0.382000
0.564000
0.011333
0.075000
0.780667
0.006000
0.080000
0.086000
0.013000
0.026667
0.002000
0.049000
0.212000
0.135000
0.166000
0.186000
0.739000
0.746000
0.546000
0.373000
0.582000
0.182000
0.170000
0.050000
0.004000
0.107000
0.718000
0.361000
0.032000
0.090000
0.023000
0.613000
0.072667
0.058000
0.087000
0.648667
0.247000
0.014500
0.668000
0.112000
0.084000
0.129333
0.051000
0.298667
0.071000
0.734000
0.245000
0.350667
0.000000
0.731000
0.232500
0.044000
0.111000
0.016000
0.098000
0.030000
0.002000
0.297667
0.030000
0.468000
0.119000
0.756000
0.019000
0.419833
0.329000
0.552667
0.634000
0.766000
0.760667
0.008667
0.096000
0.120000
0.077000
0.531667
0.064000
0.058000
0.798667
0.104000
0.558000
0.021000
0.013000
0.222000
0.199800
0.236667
0.424000
0.434400
0.062667
0.004000
0.078000
0.288000
0.273000
0.046000
0.553000
0.086667
0.074000
0.006000
0.022222
0.115000
0.702000
0.108000
0.070000
0.565500
0.349000
0.051333
0.194333
0.518000
0.197000
0.263000
0.424000
0.026000
0.069800
0.028000
0.036000
0.413500
0.082000
0.234000
0.037000
0.080000
0.111667
0.036000
0.548000
0.105500
0.650667
0.056000
0.228167
0.024000
0.030000
0.000000
0.106000
0.569333
0.688667
0.184000
0.012000
0.044000
0.054000
0.169000
0.163000
0.028000
0.661000
0.149667
0.394667
0.278000
0.201900
0.776000
0.014000
0.439000
0.074000
0.359000
0.731000
0.037000
0.056000
0.010000
0.029000
0.221667
0.168000
0.322000
0.396800
0.217000
0.165000
0.000000
0.540000
0.036500
0.491500
0.000000
0.014000
0.205000
0.090000
0.164667
0.101333
0.070000
0.031000
0.074000
0.324000
0.675000
0.018500
0.043000
0.779000
0.340000
0.060000
0.018000
0.206000
0.080000
0.461200
0.340000
0.480667
0.077000
0.384000
0.094333
0.135000
0.584000
0.110000
0.355000
0.092000
0.401333
0.344000
0.824000
0.313000
0.147000
0.038000
0.616000
0.703000
0.038000
0.144667
0.554000
0.202333
0.022000
0.205000
0.054000
0.200333
0.190200
0.107000
0.017000
0.004000
0.740000
0.142000
0.227500
0.342667
0.003000
0.822000
0.014000
0.049000
0.094667
0.206667
0.074000
0.053000
0.000000
0.672000
0.184000
0.291000
0.313667
0.090000
0.782000
0.014000
0.004000
0.573000
0.004000
0.107000
0.283333
0.012000
0.515667
0.070000
0.088000
0.595000
0.058000
0.410000
0.004000
0.126000
0.107667
0.124000
0.374000
0.099333
0.068667
0.749000
0.129500
0.475400
0.024000
0.782000
0.014000
0.793000
0.076667
0.004000
0.002000
0.324000
0.474667
0.470000
0.060000
0.628000
0.191333
0.078000
0.521667
0.024000
0.274000
0.126000
0.114000
0.531000
0.754000
0.436000
0.772000
0.147000
0.000000
0.465000
0.452833
0.800000
0.007000
0.271000
0.587000
0.702667
0.147000
0.030000
0.120667
0.336333
0.029000
0.402000
0.790400
0.102000
0.230000
0.069000
0.006000
0.213000
0.299000
0.140000
0.182333
0.046400
0.257000
0.075467
0.509000
0.059000
0.159000
0.015000
0.235000
0.194000
0.076000
0.144800
0.190333
0.614000
0.796000
0.758000
0.094000
0.628000
0.062500
0.076000
0.004000
0.566000
0.636000
0.782667
0.145000
0.078000
0.772000
0.631000
0.638000
0.412000
0.058400
0.390533
0.202000
0.452000
0.220000
0.316000
0.090000
0.243667
0.430000
0.418000
0.012000
0.030000
0.015000
0.042000
0.520667
0.789000
0.029000
0.044000
0.035000
0.646667
0.014000
0.046000
0.142000
0.432000
0.008000
0.319400
0.226667
0.630667
0.515000
0.277000
0.413000
0.167833
0.309333
0.660000
0.262000
0.434000
0.256667
0.128667
0.212333
0.504667
0.034000
0.711000
0.646000
0.023000
0.025500
0.123000
0.106000
0.662000
0.281667
0.119000
0.388000
0.038000
0.347000
0.130000
0.058000
0.509000
0.452000
0.748000
0.054000
0.257000
0.766000
0.701000
0.566000
0.016000
0.086000
0.113000
0.030000
0.090667
0.070000
0.667333
0.041667
0.157000
0.093000
0.185000
0.008000
0.222000
0.024000
0.512667
0.037200
0.002000
0.330033
0.679333
0.649000
0.008000
0.344000
0.762000
0.070000
0.650000
0.062000
0.161000
0.107500
0.812000
0.244000
0.020000
0.038000
0.114000
0.665000
0.143000
0.072000
0.036000
0.126000
0.693000
0.022000
0.022000
0.154000
0.013000
0.080000
0.272033
0.064000
0.078667
0.690000
0.010000
0.271000
0.087000
0.024800
0.349000
0.704000
0.533000
0.620000
0.084000
0.614000
0.613000
0.736000
0.000000
0.267000
0.036000
0.679000
0.366000
0.058667
0.212000
0.204000
0.203000
0.118000
0.142000
0.015000
0.454667
0.336000
0.600500
0.711000
0.002000
0.240000
0.360000
0.020000
0.032000
0.178000
0.303000
0.286000
0.459000
0.088000
0.046000
0.034000
0.079400
0.810000
0.501000
0.388000
0.033000
0.139333
0.156000
0.273000
0.058000
0.138000
0.146000
0.096000
0.777000
0.331000
0.136000
0.014000
0.053000
0.426667
0.191000
0.708000
0.731000
0.287571
0.281667
0.564000
0.352400
0.000000
0.181667
0.658400
0.287333
0.250000
0.012000
0.024000
0.594000
0.290000
0.757333
0.146571
0.295167
0.719333
0.076000
0.004000
0.272333
0.386200
0.129000
0.573000
0.142000
0.006000
0.121000
0.384000
0.000000
0.068000
0.197000
0.825000
0.004000
0.237067
0.355000
0.125000
0.003000
0.099000
0.171000
0.086000
0.106000
0.107667
0.002000
0.246667
0.115533
0.118000
0.008000
0.032000
0.248000
0.590667
0.292000
0.690000
0.034000
0.749000
0.399667
0.030667
0.293000
0.065000
0.385667
0.152000
0.506000
0.000000
0.042000
0.794000
0.550000
0.018000
0.242000
0.100000
0.535500
0.002000
0.245000
0.041000
0.077000
0.758000
0.817667
0.688000
0.109500
0.158000
0.338333
0.563200
0.040500
0.024000
0.764000
0.000000
0.018000
0.063222
0.238000
0.191000
0.018000
0.298500
0.006000
0.246000
0.069000
0.002000
0.008000
0.213000
0.075000
0.416000
0.337667
0.327000
0.306000
0.471000
0.119400
0.084500
0.472000
0.022000
0.614000
0.116000
0.060000
0.241167
0.484000
0.069000
0.679000
0.393000
0.000000
0.082000
0.248000
0.110000
0.134000
0.386000
0.006000
0.209000
0.583000
0.758000
0.273800
0.088333
0.058000
0.242000
0.087000
0.002000
0.224500
0.372000
0.266000
0.102000
0.008000
0.604000
0.019000
0.801000
0.030000
0.521000
0.192667
0.038000
0.135333
0.550000
0.045000
0.006000
0.198667
0.828000
0.054000
0.073000
0.410000
0.108000
0.027000
0.401000
0.723000
0.518000
0.181000
0.037000
0.050000
0.002000
0.048000
0.181000
0.279333
0.206667
0.337000
0.142000
0.032000
0.288000
0.105000
0.014000
0.121667
0.049000
0.018000
0.375000
0.058000
0.360000
0.162000
0.012000
0.113333
0.118000
0.392167
0.411333
0.016000
0.208000
0.048667
0.000000
0.728000
0.572000
0.399333
0.261000
0.226333
0.132000
0.591000
0.077000
0.298000
0.086000
0.095000
0.051000
0.289000
0.174000
0.102000
0.633000
0.231667
0.037000
0.020000
0.688000
0.185000
0.153000
0.281000
0.791333
0.230000
0.096000
0.055000
0.244000
0.024000
0.690000
0.328000
0.670000
0.114000
0.136000
0.062000
0.630000
0.712000
0.156000
0.258667
0.136167
0.038000
0.308000
0.121000
0.022000
0.573000
0.647000
0.000000
0.064000
0.074000
0.811000
0.078667
0.024000
0.020000
0.584333
0.028667
0.004000
0.305000
0.152000
0.055000
0.020000
0.004000
0.283000
0.135667
0.644000
0.182000
0.044000
0.539000
0.031000
0.324000
0.130000
0.535000
0.065000
0.120333
0.179333
0.090500
0.346000
0.033000
0.479000
0.317000
0.314000
0.012000
0.074000
0.303000
0.251000
0.271000
0.726667
0.134000
0.575600
0.120000
0.098000
0.024000
0.130333
0.086667
0.012000
0.403000
0.070400
0.000000
0.819000
0.000000
0.021000
0.196000
0.044000
0.058000
0.118000
0.571000
0.250000
0.421533
0.023000
0.087000
0.693000
0.112000
0.013000
0.205500
0.200000
0.079000
0.069000
0.006000
0.002000
0.232000
0.016000
0.534000
0.177000
0.536000
0.412667
0.514000
0.000000
0.774000
0.188000
0.042667
0.030000
0.083000
0.453000
0.266000
0.145600
0.780000
0.343000
0.416333
0.130000
0.213400
0.103000
0.342000
0.109000
0.000000
0.370000
0.051000
0.114000
0.173667
0.675000
0.424667
0.032000
0.000000
0.010000
0.401000
0.228000
0.212000
0.000000
0.036000
0.722000
0.052000
0.483833
0.530333
0.170000
0.092000
0.780000
0.121000
0.513333
0.109800
0.234000
0.457000
0.250000
0.272000
0.031000
0.028000
0.150000
0.390500
0.044000
0.569000
0.437000
0.123000
0.008000
0.191000
0.192667
0.240333
0.086500
0.412000
0.004000
0.110000
0.016000
0.148400
0.707000
0.055800
0.178000
0.124000
0.207000
0.221000
0.296000
0.020000
0.068400
0.064667
0.441667
0.023000
0.022667
0.075667
0.367500
0.426000
0.174000
0.201000
0.065000
0.152000
0.111667
0.512000
0.677333
0.006000
0.002000
0.181333
0.794000
0.294000
0.133000
0.026000
0.130000
0.090000
0.004000
0.005222
0.618000
0.117000
0.352000
0.091000
0.008000
0.389000
0.176000
0.170000
0.334000
0.514000
0.181000
0.154500
0.057000
0.014000
0.074000
0.193200
0.116000
0.000000
0.402000
0.331500
0.318000
0.172400
0.057000
0.068000
0.076000
0.070000
0.518000
0.570000
0.036000
0.008000
0.006000
0.264000
0.089000
0.811000
0.229400
0.275000
0.094000
0.002000
0.408000
0.123000
0.108000
0.712000
0.499000
0.036000
0.214000
0.193000
0.785000
0.012000
0.138000
0.000000
0.280000
0.074000
0.289000
0.065000
0.459000
0.000000
0.418000
0.461000
0.330000
0.391000
0.370667
0.205667
0.264000
0.061333
0.603333
0.400000
0.232333
0.118333
0.134000
0.644500
0.144000
0.582000
0.530667
0.587667
0.254000
0.024333
0.229000
0.040000
0.078000
0.000000
0.779000
0.486000
0.286667
0.054000
0.039000
0.571000
0.550000
0.012000
0.833000
0.028000
0.171000
0.168000
0.058000
0.718000
0.461000
0.264000
0.144667
0.670000
0.105000
0.011000
0.036000
0.044000
0.026000
0.276000
0.137000
0.300000
0.115000
0.137000
0.290000
0.014000
0.562000
0.105000
0.103000
0.187000
0.061000
0.327000
0.476000
0.135000
0.039000
0.639000
0.018000
0.042000
0.670000
0.001333
0.204000
0.373667
0.008000
0.213167
0.282000
0.004000
0.705333
0.348000
0.350333
0.053000
0.124000
0.605500
0.142000
0.472000
0.049000
0.783000
0.180000
0.692000
0.618000
0.077000
0.074000
0.006000
0.612000
0.002000
0.010000
0.043000
0.395000
0.124000
0.417000
0.147000
0.668000
0.708000
0.115333
0.300667
0.046000
0.018000
0.209000
0.112000
0.184000
0.057000
0.175667
0.748000
0.034000
0.236000
0.018000
0.222000
0.110000
0.693000
0.035000
0.004000
0.501000
0.495000
0.062000
0.090333
0.014000
0.613000
0.002000
0.028000
0.027000
0.220000
0.285000
0.082000
0.455000
0.101000
0.630000
0.000000
0.006000
0.194667
0.362000
0.362000
0.201667
0.130667
0.020000
0.540000
0.167667
0.070000
0.825000
0.118667
0.044000
0.102000
0.256000
0.050000
0.252000
0.098667
0.053000
0.681000
0.006000
0.231333
0.682500
0.168500
0.050000
0.754000
0.032000
0.700000
0.318000
0.002000
0.006000
0.660000
0.629500
0.321000
0.156000
0.674000
0.120000
0.082000
0.036000
0.378667
0.090000
0.179000
0.194000
0.038000
0.351333
0.170667
0.108000
0.172000
0.006500
0.321000
0.073000
0.101000
0.062000
0.219000
0.192000
0.482000
0.405000
0.227400
0.136000
0.789000
0.145000
0.016000
0.782000
0.052000
0.188000
0.712000
0.131000
0.016000
0.168000
0.292500
0.264000
0.541000
0.045000
0.203667
0.285000
0.623667
0.000000
0.531000
0.598000
0.692000
0.226000
0.456000
0.064000
0.696000
0.248000
0.275833
0.016000
0.313000
0.025167
0.278000
0.008000
0.072000
0.589000
0.254000
0.054000
0.179000
0.229000
0.315000
0.039000
0.224000
0.379400
0.104000
0.054000
0.284000
0.213333
0.750000
0.788000
0.237667
0.060000
0.023000
0.089000
0.212000
0.143333
0.096667
0.035000
0.281000
0.361000
0.086000
0.474000
0.056000
0.030000
0.216133
0.076000
0.316000
0.216667
0.292000
0.238000
0.033000
0.052000
0.091000
0.369000
0.000000
0.292667
0.239667
0.030000
0.469000
0.016000
0.114000
0.092000
0.297000
0.360000
0.193000
0.040000
0.274000
0.078000
0.058000
0.823333
0.040000
0.705000
0.164667
0.839000
0.022222
0.647000
0.735000
0.582667
0.685000
0.158000
0.748000
0.150000
0.673000
0.540000
0.307333
0.028000
0.406000
0.430000
0.794000
0.164000
0.146000
0.132200
0.132000
0.688000
0.754000
0.086000
0.285000
0.150333
0.574000
0.593000
0.268000
0.038500
0.094000
0.292667
0.250667
0.608000
0.712333
0.755000
0.700000
0.078000
0.431000
0.024000
0.228000
0.018000
0.254000
0.196000
0.098000
0.768000
0.206000
0.274000
0.328000
0.363667
0.046000
0.557000
0.221000
0.028000
0.149667
0.036000
0.117000
0.040000
0.723000
0.054000
0.121667
0.036000
0.701000
0.033000
0.106000
0.342000
0.150900
0.203467
0.521000
0.178200
0.640000
0.062000
0.123000
0.126000
0.420000
0.150000
0.130000
0.014000
0.084000
0.000000
0.193000
0.118000
0.079000
0.718000
0.794000
0.093000
0.806000
0.024000
0.037500
0.697667
0.022000
0.012000
0.333000
0.055000
0.105000
0.040000
0.033000
0.748000
0.613000
0.067400
0.624000
0.667000
0.180000
0.128000
0.132000
0.010000
0.324000
0.343333
0.438667
0.372000
0.189000
0.700000
0.000000
0.793000
0.216667
0.062000
0.324000
0.018000
0.060000
0.186000
0.352000
0.176000
0.414667
0.004000
0.231000
0.208500
0.540667
0.604000
0.239833
0.642000
0.710000
0.000000
0.384000
0.070000
0.082000
0.433333
0.232000
0.126000
0.010000
0.126000
0.034000
0.141667
0.705000
0.107000
0.108000
0.648000
0.300667
0.118000
0.537000
0.066000
0.082000
0.498667
0.104000
0.002000
0.790000
0.117000
0.046000
0.714000
0.302000
0.113000
0.008000
0.285667
0.002000
0.026000
0.028000
0.144000
0.792000
0.072000
0.259333
0.004000
0.013500
0.563000
0.303333
0.262000
0.615000
0.179000
0.004000
0.008000
0.245000
0.002000
0.401000
0.258667
0.268000
0.023667
0.004000
0.529000
0.006000
0.040000
0.028500
0.368667
0.030000
0.217500
0.054000
0.293000
0.771000
0.665333
0.006000
0.063000
0.050000
0.375000
0.004000
0.245000
0.084000
0.226000
0.347000
0.032000
0.456000
0.034000
0.223000
0.118500
0.061000
0.160500
0.000000
0.074000
0.293333
0.528000
0.026667
0.014000
0.061000
0.006000
0.704500
0.147667
0.180667
0.464000
0.229000
0.678000
0.223000
0.213000
0.235000
0.337000
0.101000
0.800000
0.131000
0.690000
0.066000
0.008000
0.016000
0.294000
0.000000
0.096000
0.276500
0.103000
0.256000
0.074000
0.848000
0.452000
0.073000
0.038000
0.002000
0.034000
0.214500
0.449000
0.422000
0.570000
0.325000
0.022500
0.138000
0.354500
0.038000
0.000000
0.722000
0.379667
0.614000
0.572000
0.061000
0.006000
0.072000
0.038000
0.026000
0.058333
0.008000
0.101333
0.067000
0.056000
0.797000
0.111000
0.352000
0.001000
0.776000
0.000000
0.549500
0.374000
0.186000
0.000000
0.707667
0.237333
0.617000
0.209000
0.144000
0.056000
0.598667
0.531000
0.092000
0.560000
0.030000
0.110000
0.565000
0.684000
0.711000
0.133000
0.112000
0.148000
0.289500
0.070667
0.026000
0.104000
0.739000
0.220000
0.002000
0.146333
0.054000
0.214000
0.821000
0.111000
0.149000
0.226000
0.019000
0.354200
0.092000
0.620000
0.584333
0.144500
0.235000
0.040000
0.461000
0.232000
0.030667
0.713000
0.184667
0.256667
0.030000
0.234000
0.110000
0.155667
0.555000
0.112000
0.004000
0.253000
0.807000
0.166333
0.127000
0.004000
0.152000
0.032000
0.274000
0.128000
0.402000
0.057667
0.729000
0.200000
0.044000
0.078000
0.245667
0.094000
0.151000
0.002000
0.224000
0.024000
0.170667
0.176000
0.054000
0.205000
0.627333
0.316000
0.083000
0.006000
0.175667
0.094667
0.237667
0.735667
0.043000
0.125333
0.058000
0.715000
0.024000
0.520000
0.136000
0.104000
0.430333
0.572667
0.295000
0.485000
0.456000
0.583000
0.706000
0.483000
0.166000
0.014000
0.438000
0.364667
0.481000
0.894000
0.031000
0.102000
0.589000
0.198000
0.181000
0.317000
0.018000
0.330000
0.107000
0.672000
0.002000
0.032000
0.504333
0.036000
0.730000
0.078500
0.048000
0.071500
0.392000
0.055000
0.470500
0.112000
0.018000
0.024000
0.098000
0.280333
0.686000
0.347167
0.012000
0.480000
0.083000
0.775000
0.570000
0.088000
0.000000
0.012000
0.131000
0.532000
0.274000
0.315000
0.249000
0.030667
0.172800
0.259000
0.285000
0.634000
0.736000
0.223000
0.782000
0.770000
0.070000
0.126000
0.010000
0.366000
0.014000
0.716000
0.045333
0.537000
0.301000
0.376000
0.088000
0.567000
0.219000
0.384000
0.022000
0.162000
0.125000
0.041000
0.268667
0.108000
0.132000
0.076000
0.000000
0.000000
0.054000
0.017000
0.357500
0.631000
0.603667
0.267333
0.610000
0.165000
0.092000
0.157000
0.183000
0.334000
0.254333
0.113333
0.029000
0.040000
0.363000
0.844000
0.482000
0.395000
0.123000
0.002000
0.254000
0.002000
0.016000
0.002000
0.183633
0.067000
0.028000
0.018000
0.502000
0.104000
0.198500
0.084000
0.210500
0.820667
0.191333
0.411000
0.030222
0.528333
0.404000
0.067000
0.068000
0.737000
0.080000
0.128000
0.210000
0.272000
0.010000
0.002000
0.178000
0.054000
0.700000
0.052000
0.019000
0.388000
0.116000
0.481000
0.212000
0.264333
0.074000
0.006400
0.328000
0.022000
0.026500
0.679667
0.034000
0.172905
0.742500
0.294000
0.073000
0.004000
0.138000
0.064000
0.000000
0.017000
0.599500
0.016000
0.046000
0.016000
0.515000
0.007000
0.098000
0.166000
0.111000
0.148000
0.407000
0.000000
0.006400
0.239000
0.020000
0.406000
0.062000
0.088000
0.193038
0.468000
0.274000
0.539000
0.743400
0.292000
0.091000
0.004667
0.191667
0.020000
0.836000
0.077667
0.246667
0.632000
0.328333
0.010000
0.283800
0.362667
0.272000
0.054000
0.040000
0.438000
0.164000
0.290000
0.118000
0.096000
0.078000
0.742000
0.153000
0.220000
0.259000
0.371000
0.293167
0.836000
0.007000
0.196000
0.090000
0.205000
0.100000
0.618000
0.167000
0.172000
0.004000
0.168000
0.164667
0.198000
0.763000
0.058000
0.022000
0.254000
0.714667
0.158000
0.489333
0.032000
0.398400
0.186000
0.549000
0.289000
0.034000
0.096000
0.672000
0.138333
0.002000
0.018000
0.288400
0.016000
0.021000
0.627500
0.852000
0.039000
0.396000
0.298000
0.280000
0.810000
0.084400
0.124000
0.038000
0.280667
0.672000
0.367667
0.082667
0.042000
0.462000
0.347000
0.145000
0.323500
0.180000
0.195000
0.274000
0.242500
0.639000
0.140000
0.382000
0.593000
0.641667
0.182000
0.064000
0.073500
0.024000
0.250000
0.004000
0.607000
0.018000
0.334500
0.711000
0.054000
0.370000
0.117333
0.292000
0.045000
0.010000
0.054000
0.197667
0.155667
0.012000
0.032000
0.100000
0.249000
0.168000
0.506333
0.519200
0.006000
0.004000
0.763333
0.103000
0.424667
0.252000
0.254000
0.259000
0.640000
0.034000
0.471000
0.810000
0.238000
0.280000
0.118000
0.229000
0.290000
0.862000
0.274000
0.296000
0.031000
0.726000
0.008000
0.000000
0.088000
0.274333
0.461333
0.014000
0.219333
0.018000
0.282333
0.201000
0.197667
0.002000
0.034000
0.235500
0.192000
0.682000
0.068000
0.209800
0.332000
0.654000
0.274000
0.765500
0.002000
0.127000
0.720000
0.298000
0.033000
0.274667
0.203400
0.302500
0.230333
0.328000
0.016000
0.010000
0.672000
0.762000
0.151000
0.773400
0.062000
0.220667
0.498400
0.134000
0.748000
0.665000
0.069000
0.036000
0.328000
0.082000
0.640000
0.354167
0.010000
0.022000
0.006000
0.378000
0.661000
0.141000
0.080000
0.296000
0.632667
0.687000
0.099200
0.049000
0.306000
0.308667
0.005000
0.229667
0.188000
0.146000
0.044000
0.024000
0.567000
0.121000
0.081000
0.475000
0.232000
0.062000
0.538667
0.008000
0.167000
0.182000
0.076000
0.000000
0.193000
0.020000
0.000000
0.631000
0.673000
0.405667
0.042000
0.200000
0.115833
0.088000
0.107000
0.005000
0.073000
0.486000
0.017000
0.045333
0.004000
0.209000
0.024000
0.070500
0.152200
0.210000
0.022000
0.292000
0.185667
0.587000
0.366500
0.084000
0.302000
0.502333
0.004000
0.158000
0.052000
0.128000
0.113500
0.254000
0.034000
0.560500
0.810000
0.660000
0.002000
0.097000
0.075000
0.071000
0.172000
0.030000
0.546000
0.066000
0.283667
0.107000
0.499000
0.171000
0.053000
0.395000
0.399333
0.245000
0.015000
0.612000
0.031000
0.754000
0.020000
0.138000
0.110800
0.117000
0.026400
0.587000
0.124000
0.180667
0.602000
0.149000
0.046000
0.258000
0.344000
0.202000
0.620000
0.005667
0.630000
0.196000
0.496000
0.547500
0.051000
0.015000
0.541333
0.004000
0.301000
0.078000
0.529000
0.142000
0.139000
0.001333
0.097000
0.359333
0.163000
0.264667
0.243000
0.239667
0.243000
0.667000
0.116000
0.002000
0.098000
0.178500
0.114000
0.099000
0.083000
0.283000
0.661000
0.339500
0.127000
0.050000
0.073667
0.193500
0.432400
0.012000
0.602000
0.764000
0.310000
0.786667
0.127500
0.024000
0.683000
0.078000
0.077333
0.088667
0.029333
0.158667
0.696667
0.176667
0.000000
0.136000
0.007000
0.696000
0.050000
0.620000
0.056000
0.086000
0.084000
0.101000
0.837000
0.042000
0.207167
0.152000
0.024000
0.098000
0.069000
0.623000
0.008000
0.246500
0.202667
0.104000
0.089000
0.035000
0.254000
0.778000
0.394000
0.058000
0.032000
0.103000
0.211000
0.190000
0.073000
0.044000
0.750000
0.441000
0.220000
0.802000
0.710000
0.764000
0.220000
0.141000
0.044222
0.174000
0.381333
0.065000
0.066000
0.112000
0.202000
0.086000
0.070000
0.148000
0.060000
0.004000
0.670000
0.044000
0.451000
0.010000
0.297000
0.291667
0.166000
0.014000
0.296000
0.516000
0.034000
0.312667
0.633000
0.116000
0.140000
0.215000
0.155000
0.029000
0.658000
0.081000
0.640667
0.203000
0.239500
0.478000
0.000000
0.182000
0.166000
0.183000
0.108000
0.316000
0.023000
0.307000
0.002000
0.756000
0.653000
0.209000
0.864000
0.422000
0.082500
0.316000
0.114000
0.142000
0.072000
0.311000
0.000000
0.219000
0.136667
0.057667
0.347000
0.266333
0.111833
0.096000
0.715000
0.050000
0.700000
0.622000
0.797000
0.157000
0.211500
0.006000
0.012000
0.111000
0.130000
0.415333
0.118000
0.167667
0.004000
0.042000
0.123000
0.404000
0.772000
0.124600
0.246000
0.536000
0.068400
0.471800
0.638000
0.012000
0.000000
0.223500
0.315000
0.000000
0.000000
0.544000
0.166000
0.016000
0.216000
0.000000
0.736000
0.055000
0.784000
0.052000
0.000000
0.500000
0.308333
0.397000
0.000000
0.740333
0.178667
0.034667
0.002000
0.763000
0.000000
0.664000
0.087000
0.062667
0.066667
0.186000
0.546000
0.765000
0.698000
0.354000
0.685000
0.036667
0.105000
0.039000
0.082000
0.004000
0.590000
0.332000
0.008000
0.316800
0.152000
0.176000
0.251000
0.241000
0.146000
0.098000
0.060000
0.665000
0.798000
0.202000
0.022000
0.014000
0.130000
0.176000
0.018000
0.398000
0.128000
0.253000
0.174000
0.012000
0.474000
0.006000
0.004000
0.027000
0.034000
0.170000
0.163000
0.048667
0.002500
0.008000
0.026000
0.046000
0.035000
0.756000
0.036667
0.040000
0.008000
0.517000
0.008000
0.010000
0.285000
0.411333
0.020000
0.004000
0.754000
0.276000
0.000000
0.192000
0.248500
0.075000
0.100000
0.108500
0.228000
0.000000
0.192000
0.083000
0.204238
0.168000
0.723000
0.005000
0.098000
0.014667
0.290000
0.036667
0.026500
0.450000
0.319000
0.240000
0.093800
0.785000
0.175667
0.024000
0.180000
0.196000
0.041000
0.014000
0.028000
0.204000
0.354667
0.126000
0.651000
0.118000
0.176667
0.000000
0.701500
0.261333
0.762667
0.340000
0.092000
0.470000
0.099000
0.036000
0.032000
0.409667
0.282000
0.796000
0.062000
0.396667
0.018000
0.176000
0.097000
0.068000
0.637000
0.026000
0.178000
0.037000
0.576000
0.141000
0.782000
0.552000
0.191333
0.238000
0.321000
0.737000
0.698000
0.062000
0.122000
0.292000
0.056667
0.067000
0.020000
0.012000
0.056000
0.076000
0.366000
0.263000
0.032000
0.119000
0.559800
0.098000
0.004000
0.216000
0.032000
0.192000
0.074000
0.014000
0.550000
0.768000
0.034500
0.071000
0.170000
0.059000
0.219000
0.004222
0.408000
0.786000
0.410000
0.032000
0.163333
0.220667
0.682000
0.366000
0.577000
0.017000
0.222000
0.238000
0.706000
0.714000
0.253500
0.006000
0.118000
0.221500
0.004000
0.113667
0.030000
0.082667
0.540333
0.042000
0.064000
0.209000
0.697667
0.517000
0.074000
0.462000
0.045222
0.098000
0.836000
0.062000
0.602000
0.018000
0.060000
0.106000
0.182000
0.006000
0.318000
0.048400
0.470000
0.062000
0.115000
0.534000
0.070000
0.139000
0.128000
0.032000
0.399000
0.344667
0.020000
0.106000
0.133000
0.116000
0.372000
0.042000
0.045000
0.419000
0.494400
0.591500
0.485000
0.578000
0.024000
0.132000
0.107000
0.125000
0.181500
0.000000
0.370000
0.182000
0.768667
0.389000
0.278000
0.252000
0.270000
0.018000
0.160000
0.133000
0.076000
0.106000
0.269900
0.217000
0.664000
0.063000
0.189000
0.020000
0.291000
0.120000
0.237667
0.769000
0.712000
0.308000
0.000000
0.004000
0.084000
0.059000
0.577000
0.135000
0.039000
0.002000
0.237000
0.267500
0.036000
0.784000
0.265000
0.038667
0.339333
0.008000
0.047000
0.020000
0.447000
0.022000
0.006000
0.135000
0.116667
0.426000
0.514000
0.041000
0.234000
0.052000
0.419667
0.214333
0.058000
0.101667
0.626000
0.016000
0.140000
0.398000
0.340000
0.052000
0.117000
0.000000
0.016000
0.066000
0.640000
0.034000
0.441667
0.116000
0.054000
0.678000
0.147667
0.054000
0.609000
0.040000
0.128000
0.105000
0.002000
0.012000
0.108000
0.062000
0.591000
0.040000
0.050000
0.134000
0.618000
0.304000
0.069333
0.747000
0.006000
0.222667
0.062000
0.356000
0.313000
0.634000
0.312000
0.030000
0.148000
0.056000
0.154000
0.046000
0.538000
0.010000
0.004000
0.336000
0.138000
0.781000
0.112000
0.233000
0.032000
0.261000
0.068500
0.167500
0.032000
0.174000
0.059000
0.156333
0.204933
0.098000
0.487000
0.693000
0.082000
0.033000
0.786500
0.074000
0.224000
0.014667
0.232200
0.070000
0.006000
0.297000
0.626000
0.007000
0.703000
0.308000
0.570000
0.556333
0.053000
0.172000
0.026000
0.255000
0.159000
0.677333
0.610000
0.690000
0.619000
0.000000
0.012000
0.293000
0.057000
0.397000
0.514000
0.108000
0.105000
0.220000
0.556000
0.048000
0.023000
0.060000
0.276000
0.066000
0.622000
0.733000
0.402800
0.166000
0.059333
0.102000
0.698000
0.153333
0.128000
0.122000
0.099500
0.000000
0.167000
0.020000
0.042000
0.164000
0.187000
0.494000
0.067000
0.151000
0.032000
0.100667
0.129333
0.754000
0.161333
0.708000
0.205000
0.176000
0.525000
0.064000
0.736000
0.090500
0.406400
0.071000
0.563000
0.174667
0.118667
0.183000
0.476667
0.414000
0.000000
0.091000
0.158000
0.133000
0.526000
0.026000
0.781000
0.668000
0.137000
0.104000
0.078000
0.094000
0.123000
0.076000
0.429467
0.350000
0.700000
0.263000
0.218000
0.018000
0.002000
0.043000
0.622000
0.840000
0.004400
0.058000
0.030000
0.054000
0.378000
0.131000
0.208400
0.000000
0.380000
0.125000
0.118000
0.172000
0.136000
0.862000
0.044000
0.337000
0.070000
0.130000
0.453000
0.178000
0.719000
0.359000
0.062000
0.098000
0.650000
0.044000
0.354000
0.124000
0.091000
0.674000
0.604000
0.572000
0.004000
0.748000
0.199000
0.177333
0.223333
0.086000
0.100000
0.194000
0.070000
0.192000
0.265000
0.010000
0.138000
0.022000
0.579000
0.443000
0.178000
0.202000
0.238000
0.485000
0.157667
0.044000
0.005333
0.130000
0.315000
0.038000
0.311667
0.081000
0.762000
0.064000
0.686000
0.109667
0.066000
0.006000
0.352000
0.088000
0.273667
0.034000
0.006000
0.424333
0.000000
0.813000
0.054000
0.061333
0.385667
0.000000
0.052000
0.632000
0.290000
0.138000
0.452000
0.179167
0.682000
0.176000
0.166000
0.034000
0.122000
0.014000
0.046000
0.692000
0.092000
0.454000
0.000000
0.128000
0.625000
0.164000
0.096000
0.000000
0.655000
0.068667
0.062000
0.698000
0.006000
0.294000
0.024000
0.674000
0.066333
0.659000
0.470000
0.284000
0.009000
0.318000
0.093000
0.100000
0.192000
0.029000
0.138000
0.306000
0.115000
0.690000
0.626000
0.095667
0.012000
0.126000
0.064667
0.006000
0.746000
0.033000
0.114000
0.048333
0.391000
0.000000
0.706000
0.324800
0.006000
0.000000
0.424000
0.039000
0.167000
0.103000
0.571333
0.390000
0.435000
0.142000
0.062000
0.081000
0.093667
0.575000
0.625000
0.659571
0.344133
0.064000
0.084000
0.036000
0.129000
0.216000
0.818000
0.139000
0.159000
0.198000
0.118000
0.740000
0.038833
0.664000
0.047667
0.028667
0.004000
0.082667
0.099000
0.073000
0.150667
0.278000
0.052667
0.080000
0.531733
0.070000
0.016000
0.116667
0.008000
0.146000
0.072000
0.236667
0.002000
0.006000
0.416000
0.121000
0.169000
0.158667
0.116667
0.136500
0.093000
0.392000
0.688667
0.253000
0.087000
0.174167
0.036000
0.060000
0.029000
0.278000
0.686000
0.375000
0.110000
0.023000
0.477000
0.002000
0.260000
0.190000
0.012500
0.008000
0.030333
0.730000
0.069333
0.034000
0.603667
0.000000
0.076000
0.281400
0.315000
0.256000
0.261000
0.570000
0.230000
0.116000
0.052000
0.040500
0.108000
0.345000
0.089000
0.014000
0.259867
0.249000
0.203333
0.756000
0.170000
0.656000
0.259000
0.192000
0.459000
0.838000
0.082000
0.320000
0.216667
0.213000
0.042000
0.251667
0.172000
0.228333
0.760000
0.080000
0.000000
0.000000
0.066000
0.180000
0.546000
0.772000
0.703500
0.028500
0.308000
0.240000
0.071000
0.708000
0.418800
0.047000
0.050000
0.384000
0.122333
0.018000
0.631667
0.112000
0.196000
0.716000
0.743667
0.303000
0.265000
0.166000
0.116000
0.119000
0.122333
0.356667
0.179000
0.012000
0.214000
0.136000
0.175000
0.059833
0.086000
0.195167
0.698000
0.000000
0.053400
0.030000
0.168000
0.246000
0.028000
0.743000
0.302000
0.624667
0.140000
0.016000
0.112000
0.533667
0.100000
0.034000
0.774000
0.102000
0.195333
0.273000
0.412000
0.022000
0.221500
0.662000
0.778000
0.286000
0.151000
0.090000
0.104500
0.164000
0.611000
0.235000
0.006000
0.182000
0.234000
0.219000
0.183000
0.309000
0.090833
0.573000
0.222667
0.016000
0.147000
0.000000
0.197333
0.678000
0.004000
0.098000
0.318000
0.468667
0.246667
0.210500
0.176667
0.292000
0.742667
0.572000
0.488000
0.343500
0.124400
0.128200
0.266667
0.069000
0.334000
0.024000
0.058000
0.304667
0.196000
0.221667
0.324000
0.520000
0.460000
0.164333
0.161800
0.282000
0.000000
0.444000
0.016000
0.070667
0.164000
0.093000
0.094000
0.719000
0.688000
0.116000
0.182000
0.044000
0.018000
0.390333
0.107000
0.036000
0.036000
0.115000
0.098000
0.108000
0.076000
0.068000
0.196200
0.048000
0.012000
0.240000
0.151000
0.040000
0.333333
0.668000
0.032000
0.195000
0.510000
0.022222
0.060667
0.114000
0.159000
0.138000
0.709400
0.060000
0.052000
0.259000
0.000000
0.346667
0.038222
0.565000
0.090000
0.006000
0.070000
0.053500
0.399000
0.148000
0.273000
0.170000
0.337000
0.136000
0.008500
0.205333
0.103000
0.172000
0.050000
0.020000
0.159000
0.084000
0.121000
0.092000
0.174000
0.027000
0.081000
0.195000
0.710000
0.168000
0.209000
0.309000
0.225000
0.748000
0.034000
0.627000
0.025000
0.015000
0.036000
0.005000
0.603000
0.352000
0.585000
0.061000
0.034000
0.242333
0.567000
0.046000
0.156667
0.162667
0.045333
0.036000
0.051667
0.042000
0.262000
0.676667
0.078000
0.198333
0.112000
0.002000
0.025000
0.215000
0.082000
0.565000
0.762000
0.114667
0.312000
0.273800
0.330000
0.018000
0.088333
0.217000
0.010000
0.792000
0.301333
0.501000
0.437667
0.054000
0.642000
0.162000
0.211000
0.301000
0.313000
0.144000
0.467000
0.086000
0.077000
0.042000
0.126000
0.050000
0.314500
0.661000
0.181000
0.150000
0.668000
0.082000
0.297000
0.013000
0.156667
0.663000
0.722000
0.806400
0.081667
0.055667
0.192000
0.299000
0.040667
0.075000
0.317000
0.147500
0.287000
0.139000
0.141000
0.765000
0.120333
0.170000
0.326667
0.076000
0.466000
0.328000
0.098000
0.363333
0.050000
0.174000
0.528000
0.624000
0.272800
0.645000
0.074000
0.107000
0.272000
0.212000
0.000000
0.084000
0.018000
0.101500
0.736000
0.592000
0.100000
0.000000
0.087333
0.060000
0.452000
0.113000
0.082000
0.241000
0.269867
0.062000
0.310000
0.272000
0.162000
0.000000
0.054000
0.084000
0.007000
0.137000
0.034000
0.447000
0.016000
0.174000
0.040000
0.046000
0.115667
0.181000
0.022000
0.774000
0.439667
0.774000
0.008000
0.341000
0.444333
0.066000
0.045000
0.144667
0.370000
0.002000
0.260000
0.706000
0.513000
0.329000
0.022000
0.763000
0.620000
0.127000
0.169667
0.775000
0.006000
0.004000
0.052000
0.006000
0.372000
0.108000
0.158000
0.024000
0.357333
0.254000
0.000222
0.004000
0.100000
0.314000
0.260000
0.162000
0.617667
0.084500
0.075667
0.297000
0.134000
0.311000
0.046000
0.312200
0.200000
0.770333
0.544000
0.155000
0.150000
0.349000
0.174000
0.189000
0.318000
0.263333
0.288000
0.198333
0.184000
0.142000
0.624000
0.248167
0.241000
0.324000
0.098000
0.273333
0.692000
0.000000
0.531333
0.004000
0.075000
0.012000
0.000000
0.060000
0.058500
0.151000
0.012000
0.012000
0.106000
0.104000
0.080000
0.024667
0.559333
0.116000
0.646000
0.028000
0.098000
0.408000
0.048000
0.041333
0.152000
0.027000
0.135000
0.513000
0.175000
0.366500
0.371667
0.026667
0.196000
0.050000
0.020000
0.282667
0.376000
0.136000
0.048000
0.674000
0.152000
0.226000
0.207000
0.784000
0.166000
0.614000
0.330833
0.213000
0.161333
0.623000
0.491000
0.009000
0.465000
0.216000
0.542000
0.231800
0.099800
0.097000
0.259000
0.205667
0.051500
0.500000
0.076000
0.748000
0.251833
0.321000
0.218667
0.091000
0.188667
0.527000
0.279333
0.168000
0.415667
0.279000
0.358000
0.367000
0.382667
0.803000
0.694000
0.100667
0.829000
0.508400
0.266667
0.000000
0.098000
0.045000
0.707000
0.061000
0.693000
0.240000
0.685667
0.499000
0.590000
0.118000
0.462000
0.000000
0.102333
0.330000
0.034000
0.088000
0.016000
0.065500
0.135000
0.257000
0.210500
0.029000
0.124000
0.166333
0.216000
0.153000
0.105000
0.024000
0.784000
0.472000
0.790000
0.091000
0.166000
0.184333
0.190000
0.041000
0.546667
0.226000
0.168000
0.574000
0.196000
0.517000
0.102000
0.016000
0.040500
0.572000
0.162000
0.141000
0.122667
0.336000
0.705000
0.381000
0.169000
0.642000
0.276000
0.011000
0.328667
0.048000
0.179000
0.364000
0.150667
0.070000
0.108000
0.012000
0.647000
0.445000
0.040000
0.726000
0.273000
0.494000
0.181200
0.222000
0.116667
0.018000
0.028000
0.008000
0.044000
0.283667
0.034667
0.076000
0.000000
0.048400
0.227400
0.010000
0.673000
0.649000
0.131000
0.515333
0.303000
0.482000
0.426000
0.143000
0.088000
0.342000
0.084000
0.412667
0.287800
0.730000
0.014000
0.762000
0.010000
0.024000
0.024000
0.200667
0.124667
0.765000
0.024000
0.276467
0.118000
0.026000
0.054000
0.188000
0.127000
0.204000
0.633000
0.078000
0.404000
0.038000
0.347667
0.269000
0.194667
0.165467
0.292000
0.604000
0.397000
0.235000
0.311000
0.039000
0.285333
0.353500
0.159667
0.166000
0.126000
0.060667
0.228000
0.061400
0.049000
0.002000
0.066000
0.243000
0.267000
0.258000
0.667000
0.000000
0.122000
0.526000
0.086000
0.789000
0.701333
0.722000
0.072000
0.178500
0.504333
0.179000
0.718000
0.216000
0.127000
0.640000
0.533000
0.162000
0.710000
0.105000
0.736000
0.250000
0.375000
0.277000
0.095000
0.006222
0.249500
0.006000
0.084000
0.726000
0.544000
0.054800
0.108000
0.142000
0.024000
0.176000
0.611000
0.315000
0.104000
0.009667
0.085000
0.446500
0.106500
0.018000
0.018667
0.730000
0.213667
0.728333
0.062000
0.076200
0.248333
0.199000
0.179000
0.104667
0.732000
0.076000
0.522000
0.014000
0.174000
0.030000
0.668000
0.274000
0.236000
0.378000
0.047000
0.682000
0.782000
0.030000
0.008000
0.174000
0.590500
0.120000
0.553000
0.070000
0.068000
0.199000
0.264667
0.472000
0.146000
0.341000
0.747000
0.266000
0.071000
0.017000
0.189000
0.002000
0.008000
0.250733
0.210000
0.668667
0.097667
0.699000
0.093000
0.010000
0.022000
0.016000
0.223500
0.442667
0.044000
0.114000
0.012000
0.045000
0.353667
0.864000
0.498000
0.202000
0.014000
0.364000
0.038000
0.037000
0.060000
0.026000
0.098000
0.106000
0.137000
0.326000
0.113500
0.201500
0.072000
0.104000
0.002000
0.030000
0.011000
0.004000
0.060000
0.004000
0.004000
0.407000
0.108000
0.282000
0.335800
0.072500
0.189000
0.047000
0.147333
0.156000
0.044000
0.002000
0.114667
0.575000
0.097000
0.054000
0.732000
0.068000
0.715667
0.268000
0.392000
0.100000
0.098000
0.026000
0.534667
0.275333
0.563667
0.092000
0.625000
0.538000
0.635000
0.015000
0.565000
0.160000
0.690000
0.036000
0.106000
0.427000
0.042000
0.041000
0.024000
0.000000
0.686000
0.080000
0.123500
0.057000
0.540000
0.179333
0.024000
0.096000
0.002000
0.068500
0.754000
0.000000
0.016000
0.236500
0.004000
0.113000
0.775000
0.206333
0.000000
0.191500
0.056000
0.218667
0.433000
0.114000
0.038000
0.004000
0.305000
0.026000
0.127000
0.197333
0.089333
0.026000
0.014400
0.047000
0.022000
0.117000
0.115000
0.168400
0.048000
0.090000
0.137000
0.058000
0.270467
0.096400
0.310000
0.064000
0.110000
0.008500
0.028000
0.036000
0.000000
0.698000
0.086000
0.687000
0.224000
0.012000
0.777000
0.048000
0.157667
0.052667
0.064000
0.112000
0.245667
0.201667
0.046000
0.285000
0.000000
0.166000
0.150167
0.032000
0.083000
0.274667
0.452667
0.034000
0.064500
0.133333
0.000000
0.147000
0.222000
0.155000
0.008000
0.689000
0.082000
0.283000
0.133000
0.004000
0.251000
0.318500
0.064000
0.471000
0.195667
0.152000
0.065000
0.713500
0.000000
0.040000
0.339000
0.762000
0.145000
0.022000
0.632000
0.160333
0.351000
0.033500
0.000000
0.394000
0.010571
0.309000
0.214000
0.120167
0.686000
0.149000
0.010000
0.006000
0.039000
0.020000
0.132000
0.076000
0.125000
0.143000
0.004000
0.022000
0.028000
0.222000
0.215333
0.024000
0.238000
0.004000
0.080000
0.116333
0.177000
0.419000
0.026000
0.024000
0.026000
0.606000
0.006000
0.036000
0.035000
0.174000
0.433000
0.138000
0.271000
0.318000
0.146000
0.203000
0.276000
0.093000
0.782000
0.734000
0.000000
0.002000
0.734000
0.683000
0.042000
0.096000
0.127000
0.134000
0.052000
0.296000
0.353000
0.018500
0.064000
0.310000
0.497000
0.200167
0.362400
0.297500
0.020000
0.072000
0.084000
0.169667
0.212000
0.006000
0.082000
0.287000
0.104000
0.141333
0.018000
0.043000
0.570000
0.255000
0.152333
0.015333
0.753000
0.622000
0.677000
0.432000
0.043000
0.519000
0.717000
0.343000
0.237000
0.020000
0.401667
0.140000
0.281333
0.057000
0.330000
0.124667
0.022000
0.629000
0.261333
0.101667
0.060000
0.318000
0.017000
0.254000
0.000000
0.649000
0.557000
0.122000
0.188500
0.296000
0.298000
0.300000
0.246000
0.522333
0.532000
0.262000
0.016000
0.242333
0.208333
0.032000
0.241000
0.675000
0.167333
0.180000
0.207167
0.345000
0.014000
0.442667
0.728000
0.591333
0.390000
0.709000
0.084000
0.128000
0.054000
0.208000
0.092500
0.764000
0.355000
0.002000
0.068000
0.334000
0.328667
0.545000
0.638000
0.094000
0.267333
0.208000
0.154000
0.006000
0.102000
0.165000
0.114000
0.092000
0.214667
0.626000
0.297000
0.220667
0.025800
0.006000
0.204200
0.219733
0.108000
0.060000
0.580000
0.126000
0.799000
0.500600
0.086000
0.026000
0.204000
0.225000
0.801000
0.276000
0.214333
0.713000
0.349000
0.022000
0.031000
0.780000
0.128667
0.676000
0.017000
0.202000
0.183000
0.012000
0.116000
0.060000
0.066222
0.312000
0.110000
0.032000
0.004000
0.050000
0.161667
0.301667
0.229000
0.045200
0.653400
0.002000
0.004000
0.585000
0.054000
0.149000
0.000000
0.214000
0.023000
0.159333
0.796000
0.085000
0.013000
0.025000
0.658833
0.031333
0.023000
0.688000
0.044000
0.096000
0.010000
0.098000
0.104000
0.492000
0.786000
0.116000
0.128000
0.287667
0.016000
0.270667
0.524000
0.060000
0.000000
0.364667
0.036000
0.159000
0.214000
0.352067
0.402667
0.482000
0.450000
0.010000
0.240000
0.203000
0.008000
0.088000
0.253000
0.008000
0.332333
0.129000
0.710333
0.070000
0.030000
0.318000
0.378000
0.127500
0.627000
0.350333
0.471167
0.075000
0.474000
0.183000
0.515667
0.048000
0.171667
0.634000
0.070000
0.695000
0.395000
0.687000
0.214000
0.069000
0.106000
0.658333
0.169000
0.668000
0.653000
0.431667
0.050000
0.130000
0.000000
0.034000
0.071000
0.064000
0.174000
0.790000
0.089000
0.466333
0.099667
0.213000
0.002000
0.385000
0.042000
0.364000
0.134667
0.007000
0.072000
0.561000
0.334333
0.058000
0.662000
0.691667
0.036000
0.076000
0.243000
0.148000
0.573000
0.202000
0.084000
0.211000
0.044000
0.004000
0.430000
0.135000
0.008000
0.208000
0.115000
0.188400
0.012000
0.006000
0.016000
0.022000
0.130000
0.093000
0.028000
0.062000
0.067000
0.040000
0.302000
0.024000
0.684000
0.766000
0.067000
0.124133
0.674000
0.018000
0.546000
0.361667
0.195000
0.311000
0.021000
0.285000
0.168000
0.123000
0.726000
0.394000
0.106500
0.535000
0.096000
0.336000
0.760400
0.619000
0.716000
0.672000
0.275667
0.002000
0.053500
0.458000
0.092000
0.062500
0.719600
0.516000
0.172667
0.031667
0.138000
0.171000
0.074000
0.076000
0.025000
0.064000
0.064000
0.100000
0.475000
0.143000
0.100000
0.004000
0.022000
0.253000
0.197333
0.339833
0.582400
0.146400
0.106000
0.266000
0.368000
0.080000
0.389000
0.081000
0.172667
0.062000
0.018000
0.827000
0.075000
0.006000
0.116000
0.223333
0.097333
0.104000
0.728000
0.094000
0.201333
0.426000
0.477000
0.445333
0.048000
0.222000
0.148000
0.000000
0.159000
0.126000
0.096000
0.524000
0.418000
0.246667
0.139333
0.261000
0.146000
0.050000
0.403000
0.307000
0.225333
0.157667
0.136000
0.773000
0.802333
0.501000
0.051000
0.332333
0.002000
0.006000
0.792000
0.278000
0.274667
0.682000
0.029000
0.038000
0.131000
0.028000
0.015200
0.088000
0.105000
0.076000
0.704000
0.038000
0.043000
0.212000
0.380000
0.178000
0.506000
0.060000
0.305000
0.000000
0.109000
0.333000
0.424333
0.589800
0.000000
0.062667
0.183667
0.002000
0.075667
0.391400
0.750000
0.014000
0.036000
0.185000
0.178600
0.362000
0.625333
0.780000
0.002500
0.034667
0.062000
0.081000
0.000000
0.006000
0.250000
0.248000
0.059000
0.560000
0.013667
0.012000
0.272000
0.247000
0.413500
0.862333
0.018222
0.026000
0.118000
0.158000
0.689000
0.588000
0.667333
0.546000
0.173667
0.177667
0.061000
0.637833
0.371667
0.000000
0.002000
0.236000
0.261000
0.721000
0.082000
0.326000
0.232000
0.333000
0.034000
0.704400
0.510667
0.201000
0.040667
0.008000
0.483000
0.218000
0.044000
0.114167
0.082000
0.165000
0.656000
0.009000
0.414000
0.032000
0.014000
0.049000
0.311333
0.088000
0.000000
0.675333
0.109667
0.536000
0.377167
0.022000
0.048000
0.332000
0.850000
0.184667
0.242667
0.178667
0.166000
0.070000
0.400000
0.255667
0.291500
0.016000
0.054000
0.360167
0.382000
0.006000
0.020400
0.228000
0.114000
0.259000
0.044000
0.142000
0.277667
0.034000
0.140000
0.465000
0.357000
0.710000
0.231333
0.304000
0.072667
0.366000
0.148000
0.255000
0.034000
0.181667
0.293000
0.014000
0.073000
0.005000
0.500000
0.078000
0.281000
0.408333
0.794000
0.075000
0.049667
0.114000
0.246000
0.606667
0.292000
0.024000
0.402000
0.039333
0.138000
0.274000
0.729333
0.683000
0.018000
0.152000
0.000000
0.054500
0.020000
0.245400
0.645400
0.028000
0.686000
0.748667
0.028000
0.316000
0.318000
0.006000
0.763667
0.607000
0.488000
0.126667
0.380000
0.534333
0.373000
0.002000
0.248000
0.000000
0.216000
0.425000
0.539000
0.024000
0.116000
0.496000
0.311500
0.210000
0.488000
0.060000
0.296000
0.612667
0.116000
0.027000
0.710000
0.098000
0.354000
0.008000
0.050000
0.725000
0.082667
0.084000
0.318000
0.192500
0.839000
0.257000
0.633667
0.008000
0.040000
0.000000
0.104667
0.790000
0.286000
0.118000
0.188000
0.101000
0.302533
0.312000
0.024667
0.563000
0.023000
0.256000
0.119000
0.002000
0.690000
0.166000
0.551000
0.328000
0.052000
0.095000
0.119000
0.052000
0.098667
0.098333
0.073000
0.137000
0.663000
0.224000
0.120000
0.010000
0.480000
0.441000
0.335667
0.260000
0.082000
0.505000
0.036333
0.118000
0.064000
0.365000
0.184867
0.619000
0.079000
0.084667
0.038667
0.080000
0.150000
0.135000
0.069467
0.012000
0.774000
0.186000
0.155000
0.630000
0.708000
0.196333
0.019000
0.134667
0.082000
0.086000
0.000000
0.092000
0.792000
0.000000
0.690000
0.022000
0.018000
0.308000
0.168333
0.576000
0.058000
0.065000
0.157600
0.228500
0.748000
0.771000
0.355333
0.047000
0.692000
0.620000
0.192000
0.020000
0.109000
0.065467
0.004000
0.261000
0.071000
0.000000
0.066000
0.054000
0.048000
0.414000
0.014000
0.200000
0.675000
0.568667
0.054000
0.377000
0.094000
0.329000
0.095000
0.731000
0.165000
0.208333
0.642667
0.008000
0.120000
0.200000
0.564333
0.000000
0.482000
0.693000
0.049000
0.817000
0.195000
0.096000
0.101000
0.594000
0.114000
0.384533
0.238905
